5.318166260938811396e-01 3.915903299724146081e-01 -1.031229163296333157e-01 -8.320781457155258242e-17 9.376167846270223864e-18 -2.715957528410520506e-33
2.749213054364204378e+00 4.104813573577809627e-01 4.904370258009274446e-03 3.915786843920997286e-17 1.776048737164428203e-16 -9.601035492138123782e-32
1.162495550361459129e+00 4.010713854844970006e-01 -2.404143636607122825e-02 8.608882554854443524e-18 7.296552748497722585e-17 -3.923767710402550725e-32
1.753316551609513496e+00 4.011321687663514379e-01 -5.379213088437410223e-02 -2.780061918586843109e-17 9.873519351679767201e-17 -5.200709645946213334e-32
-9.044359180521311714e+00 3.629518754368333822e-01 5.357299778430461845e-02 1.231404126576043902e-16 -5.142678408085189906e-16 2.714794994303482134e-31
2.942865918045945328e+00 4.077620492607143543e-01 -3.709089956346648537e-02 -1.079249163468573878e-17 1.755550908658176969e-16 -9.353666548550592998e-32
2.354009008048651985e+00 4.107884325352922916e-01 2.889803011923406870e-02 6.833844700607123693e-17 1.616998326110766200e-16 -8.831415172733902690e-32
5.806235654481828323e-01 3.863564279891245623e-01 -1.672487574250315634e-01 -1.589240152146680528e-16 -8.569726933271364445e-18 8.965076359818428360e-33
1.369700789813988351e+00 4.047730647737106668e-01 8.846890102013706125e-03 4.691775562003901126e-17 9.610568041815475313e-17 -5.266301974579372509e-32
7.205876046781025668e-01 3.948035427818206711e-01 -7.503382614076353763e-02 -5.051579262804255758e-17 2.984782286337410635e-17 -1.456002163074922806e-32
5.335987451164631024e-01 3.882615882369926941e-01 -1.423979467997045500e-01 -1.295181656470970464e-16 -3.301995779481377532e-18 5.338190907240718370e-33
5.418416130110667028e-01 3.969020267891334441e-01 -4.111505818067699020e-02 -1.012147147353950721e-17 3.016302195363747411e-17 -1.584293278093364141e-32
1.277602048168802407e+00 3.900850108944097783e-01 -1.592993152784938360e-01 -1.511234709810282054e-16 3.584273506870362284e-17 -1.498864978418142685e-32
1.479074598766519255e+00 4.066885196107904443e-01 2.575405251728564437e-02 6.660506364334871775e-17 1.081727968480660502e-16 -5.965606092217512539e-32
7.629628168406018540e-01 3.911705318580219193e-01 -1.199836734368451563e-01 -1.036084668730588365e-16 1.775828425431869846e-17 -6.633376850942565343e-33
1.482818715800826359e+00 3.998515001304241978e-01 -5.491863018113157802e-02 -2.851867314104685840e-17 8.213629193279635434e-17 -4.311515213294998064e-32
1.490258709937286374e+00 3.907137281990545885e-01 -1.628644069818089291e-01 -1.558064674538312317e-16 4.744342676644714919e-17 -2.106003527922202448e-32
1.083033192007398782e+00 4.122904843164733601e-01 1.121178554494548785e-01 1.693236295942699732e-16 1.125207093885967550e-16 -6.481392289691863805e-32
1.966668057049751006e+00 3.983576252920923988e-01 -9.745336197655635191e-02 -7.975962413416898156e-17 9.732518211411822395e-17 -4.981994927535635282e-32
7.603525739930294680e-01 3.865346573941128572e-01 -1.744186696466375197e-01 -1.677829236058444239e-16 -1.184459722841732447e-19 4.692263920379485812e-33
1.699699576773642251e+00 3.952727933662966708e-01 -1.199989407011681219e-01 -1.057393171592696197e-16 7.396557085254194169e-17 -3.661745498858098185e-32
5.833197686358241318e-01 3.926288961019370194e-01 -9.355359677435720611e-02 -7.204149352573443536e-17 1.558187659917000491e-17 -6.340983790087418123e-33
7.343271767752852508e-01 4.134386843255543620e-01 1.436148155988713759e-01 2.072459254209305182e-16 1.018484810550059552e-16 -6.015583955891148765e-32
7.447166230701004475e-01 3.923642431885277504e-01 -1.049914322795477972e-01 -8.589105084107699856e-17 2.154374396703784815e-17 -9.145514748133741900e-33
7.851849455700461444e-01 3.919183581680812933e-01 -1.123267970725139175e-01 -9.463092389905801942e-17 2.158432749235243231e-17 -8.926082788374508784e-33
1.312740928226268977e+00 3.952282662369259181e-01 -1.005692268948280843e-01 -8.195835323578536278e-17 5.706963411151473861e-17 -2.824264713008391495e-32
-9.044468286604960383e+00 3.561941283950075254e-01 -2.596786207036857683e-02 2.935981696497716054e-17 -5.401671326633616381e-16 2.879100118144660011e-31
7.415885219216252766e-01 3.896892547043798172e-01 -1.363178324285431176e-01 -1.228186749037491668e-16 1.115842341535242145e-17 -2.575753416976591233e-33
9.787604204213670167e-01 3.974937452169269303e-01 -5.667993633854911950e-02 -2.945837609687402942e-17 5.131510825722177196e-17 -2.661526490694515395e-32
6.260203599178765232e-01 3.939912975006457097e-01 -7.971845117071958697e-02 -5.582579276648913814e-17 2.264800070192469714e-17 -1.056521022441828651e-32
6.263160135640366555e-01 3.929097450724166052e-01 -9.246481777341972186e-02 -7.085477327375400801e-17 1.851644843833199719e-17 -7.942256527918450862e-33
7.217601535571203097e-01 3.911482534881836060e-01 -1.181212654434122822e-01 -1.013197027191995885e-16 1.589203552403711127e-17 -5.699009130752198568e-33
6.320395005753547402e-01 4.038332358804661570e-01 3.582214619161155217e-02 8.038614434455185710e-17 6.062085327937480974e-17 -3.461969222804289942e-32
2.937405783148511418e+00 4.076911378020824928e-01 -3.764405284700445692e-02 -1.143235886564598010e-17 1.750473691878175658e-16 -9.324763434000905309e-32
1.162495550361459129e+00 4.010713854844970006e-01 -2.404143636607122825e-02 8.608882554854443524e-18 7.296552748497722585e-17 -3.923767710402550725e-32
5.125591433016726262e-01 3.962677146008780626e-01 -4.707166980835594816e-02 -1.707843107891336963e-17 2.646678066071116816e-17 -1.367535191798390996e-32
3.671320830335077501e-01 4.067818493762933030e-01 8.419090659150843536e-02 1.380117412195720378e-16 6.046949752980653365e-17 -3.612862199818771571e-32
7.720418486909462752e-01 3.922210284746554532e-01 -1.080862831728909013e-01 -8.960159761291047470e-17 2.217603299679461834e-17 -9.381103954493574971e-33
3.829167132645452942e-01 3.897944886291449529e-01 -1.165838928724794027e-01 -9.874282270452987769e-17 -3.941025941319198441e-18 4.830693996112430806e-33
4.401844164700371431e-01 3.950811168826567354e-01 -5.730723122603914588e-02 -2.898319269034299344e-17 1.879171735763955859e-17 -9.244580984972218115e-33
1.005781977013077366e+00 3.988471851342914598e-01 -4.214177505211814251e-02 -1.237843595344438114e-17 5.766920652501381365e-17 -3.048275608404604685e-32
6.922761159650098195e-01 3.893861489526037056e-01 -1.373429012677134520e-01 -1.239160327675488315e-16 7.865567044865519403e-18 -7.854425565244158300e-34
7.292901096745891820e-01 3.859402937536839939e-01 -1.798132538115391199e-01 -1.740732226597623273e-16 -3.738546793731145694e-18 6.800755141184971713e-33
1.678640649642206384e+00 4.009485012544779514e-01 -5.210338362825703978e-02 -2.564110545538605882e-17 9.480373141335501221e-17 -4.996530368577061484e-32
6.863210134318660227e-01 3.912274194884040601e-01 -1.153619410138271850e-01 -9.798644951279429247e-17 1.466361876611081306e-17 -5.134379764098466592e-33
-9.044497177654744036e+00 3.544046919155273145e-01 -4.703010594428551350e-02 4.526922516410675679e-18 -5.470252078992228925e-16 2.922607751760889643e-31
1.715383475634017829e+00 4.075907271198943027e-01 2.418860987752061500e-02 6.422635933898101797e-17 1.218437656780444728e-16 -6.689758517053311644e-32
4.331764756296987984e-01 3.921280644097431822e-01 -9.170669839883205388e-02 -6.952529539147176996e-17 7.173204971144081646e-18 -1.915957388131295065e-33
4.256952536576976143e-01 3.875560108772165835e-01 -1.451392723982608268e-01 -1.325068823141364100e-16 -1.066950977922145980e-17 9.358592044481807571e-33
1.954745386833438792e+00 3.993774764373759223e-01 -8.483373379240595480e-02 -6.485384644443245181e-17 1.007177566012760115e-16 -5.204451937587707037e-32
9.376278771612445162e-01 4.247338932497461417e-01 2.660890951417220762e-01 3.511878858288635776e-16 1.539170276427390926e-16 -9.195775112179844093e-32
4.854515018708241425e-01 3.890659191212065826e-01 -1.304472902510152299e-01 -1.153194176780543863e-16 -2.300975736778753840e-18 4.411415900337004963e-33
1.230520898365042193e+00 3.910253185550683908e-01 -1.458030290644102833e-01 -1.351047881270842613e-16 3.741087498328344278e-17 -1.626876117207466354e-32
4.607602055348879455e-01 3.972494862093899348e-01 -3.284402832777242459e-02 -1.868192592471722461e-19 2.798988906840419986e-17 -1.495547710033490779e-32
7.988032226517732814e-01 3.966111836533359192e-01 -5.778906016149159414e-02 -3.036016217046897715e-17 4.015507931617222687e-17 -2.062533593818875767e-32
4.387724969641265682e-01 3.914835570107692564e-01 -9.958185827815954627e-02 -7.882294560477574276e-17 4.945432517061503893e-18 -4.686977920630071336e-34
4.780176328977587263e-01 3.940589029952329958e-01 -7.129077081278707706e-02 -4.555550144288970220e-17 1.651000754084912913e-17 -7.567791622021959917e-33
-9.044459056700993926e+00 3.567658046401547822e-01 -1.923904848559447947e-02 3.729325076790181844e-17 -5.379761643083890955e-16 2.865200613520615219e-31
4.638840688690085701e-01 3.947595190228286866e-01 -6.231490198491499571e-02 -3.494082858546936330e-17 1.858376518934895015e-17 -8.969065378528062567e-33
2.015957473647197240e+00 4.216503539981544812e-01 1.741873011255723191e-01 2.404009472937481240e-16 1.887095016086724279e-16 -1.074978775195041390e-31
1.597405487735156671e+00 3.974081279382595255e-01 -8.958870597288701165e-02 -6.965409284719111773e-17 7.772641680389641636e-17 -3.962318531130648357e-32
7.117495215143599951e-01 3.969423249594193903e-01 -4.940214698848270636e-02 -2.027540959978237800e-17 3.766128069964749357e-17 -1.957062512801550494e-32
9.745387773941210918e-01 3.998696749589159549e-01 -2.849480714852201460e-02 3.782181546510366494e-18 6.023681061971324010e-17 -3.230099817288711627e-32
-9.044498310802595142e+00 3.543345076849234165e-01 -4.785619695004773855e-02 3.552941260006747644e-18 -5.472941913134829891e-16 2.924314182710389878e-31
6.200569183835872300e-01 3.930740865345179746e-01 -9.020757346639389496e-02 -6.817930305437729674e-17 1.887564423601385388e-17 -8.208060547314076537e-33
2.402760025610428229e+00 3.996032636316925735e-01 -1.052782110330769960e-01 -8.996895850940833308e-17 1.209472440135719637e-16 -6.216430655689884085e-32
3.129513200166129216e+00 4.046116699113639914e-01 -8.379912706171920023e-02 -6.628375588055461216e-17 1.715507151486114513e-16 -8.986537596210108716e-32
1.405836204658165833e+00 3.990026269501774636e-01 -6.094117951916441095e-02 -3.544578562368262314e-17 7.555617364499205042e-17 -3.940695880516121675e-32
-9.044086096217437643e+00 3.798660069404481976e-01 2.526577748802272261e-01 3.578661752845293920e-16 -4.494438653664097746e-16 2.303551653265888115e-31
1.151063880510945880e+00 3.915330766126254303e-01 -1.357288621729155209e-01 -1.230478520769807251e-16 3.592219029414344710e-17 -1.580569550029879114e-32
7.758287106194103888e-01 3.913683792396558392e-01 -1.183182219754407710e-01 -1.016738737782920907e-16 1.907249886217408655e-17 -7.389199616354887657e-33
1.917482610177966063e+00 3.966069350774966695e-01 -1.155247182532966044e-01 -1.009553058731961880e-16 8.849090748251309205e-17 -4.451325170067370312e-32
4.884201469870442791e-01 3.880646050196180918e-01 -1.423869941589352150e-01 -1.294033499276615346e-16 -6.009534574395614973e-18 6.782206186075991498e-33
9.440870080931356156e-01 4.012964186793940291e-01 -1.013011486261301830e-02 2.550333957769524382e-17 6.438765679214078676e-17 -3.511889462759277312e-32
3.402835727774686791e-01 3.881726997264701162e-01 -1.334758070754891446e-01 -1.185626890978561608e-16 -1.199816493726899963e-17 9.684054288385721580e-33
5.763987694620391622e-01 3.953197919472947741e-01 -6.152175826980801204e-02 -3.425947223905332720e-17 2.559380441208289295e-17 -1.273473814905962092e-32
8.023376012819262160e-01 3.920957580245190144e-01 -1.111230870935318860e-01 -9.325040557219981407e-17 2.300547506660880604e-17 -9.723775020003819859e-33
7.715848080007061682e-01 3.909520508892521673e-01 -1.230000469803218394e-01 -1.071843007663209557e-16 1.729376501151486679e-17 -6.286437229583391548e-33
7.126136734427835906e-01 4.004156794199469904e-01 -8.561314953023990010e-03 2.787509542272041427e-17 5.100795493891075987e-17 -2.803286124745763552e-32
1.590284492625349433e+00 4.170840385530152905e-01 1.423866822984569680e-01 2.038672745053236625e-16 1.528134853779558576e-16 -8.730348565703096905e-32
1.433046143902403591e+00 3.894106322309097146e-01 -1.752531369515564486e-01 -1.702840723774851283e-16 3.997730765121177580e-17 -1.666996323890085969e-32
-9.044110745320333322e+00 3.783393056182260406e-01 2.346880084537522060e-01 3.366793864691808039e-16 -4.552949993130751445e-16 2.340671250709183142e-31
2.122143655818737429e+00 3.991479633769267066e-01 -9.616740066157683509e-02 -7.859412254543038452e-17 1.070736701874372582e-16 -5.506268349170929690e-32
8.525324182021237762e-01 3.881322135120736649e-01 -1.603669209261439355e-01 -1.514234444359425365e-16 9.987368853597283902e-18 -1.160647760240735378e-33
1.612639968732410889e+00 3.949057262957271774e-01 -1.198304417635104313e-01 -1.053442856552307837e-16 6.879609717720167118e-17 -3.386526324889948896e-32
7.595222301807342813e-01 3.927540971810740689e-01 -1.011658642496573723e-01 -8.141399654077890808e-17 2.367753559032729862e-17 -1.040954629959838406e-32
5.938239463503339755e-01 4.142593441143289090e-01 1.605200966918474415e-01 2.274946236473076459e-16 9.892021509600700876e-17 -5.914931797330449249e-32
7.371069259543299168e-01 3.933363646457904705e-01 -9.315603973856860509e-02 -7.191963644529007001e-17 2.493984356842702745e-17 -1.134619092611699915e-32
9.849856563700422063e-01 3.935217927628426593e-01 -1.037554127738230109e-01 -8.497568721939041928e-17 3.636430944461900383e-17 -1.709237973390274462e-32
1.528589854886856170e+00 3.918268621284068387e-01 -1.517381131366028757e-01 -1.427747212792013022e-16 5.336554054616383617e-17 -2.458494478499436263e-32
4.346939539334437885e-01 3.972656532505231541e-01 -3.130959530595328610e-02 1.681112640630022027e-18 2.692519022844448628e-17 -1.443792849500915840e-32
-9.044214238708896403e+00 3.719291943116109223e-01 1.592389332018069037e-01 2.477231036918381665e-16 -4.798619655703968355e-16 2.496524100120451723e-31
6.082633459055579728e-01 3.925379860052314318e-01 -9.590995021759990413e-02 -7.487595976536840683e-17 1.631164755486778068e-17 -6.652847350112304662e-33
-9.044625866802906700e+00 3.464340207922455561e-01 -1.408474730106540340e-01 -1.060860201381311009e-16 -5.775730719170899446e-16 3.116403420332446726e-31
-9.044470178640082736e+00 3.560769406606296705e-01 -2.734719945887176609e-02 2.773354485538113082e-17 -5.406162585799836918e-16 2.881949373242616698e-31
1.285492097185592986e+00 3.977459090987774393e-01 -6.952855424620171809e-02 -4.529909321622109022e-17 6.553906546787951334e-17 -3.378095937194330352e-32
2.971334443284429749e+00 4.037376600145169414e-01 -8.593061159062337362e-02 -6.844005529607914408e-17 1.613647732202756141e-16 -8.436148703480831870e-32
5.791248890999733945e-01 4.109802170608612415e-01 1.226789540939717399e-01 1.829120394529754007e-16 8.571980930988983713e-17 -5.086369771090730157e-32
1.346415523014281135e+00 4.269283210821749330e-01 2.708405644654743871e-01 3.558679596781778580e-16 1.799945341439049374e-16 -1.060253297738427186e-31
-9.044336358649820440e+00 3.643654027984501997e-01 7.021067023271389262e-02 1.427566304857922717e-16 -5.088504498560712363e-16 2.680427062688719454e-31
-9.044398196942815105e+00 3.605352997686178118e-01 2.512912361084705323e-02 8.960439772557238569e-17 -5.235294479881089177e-16 2.773550636084719815e-31
1.724494316895882839e+00 4.136957420812385489e-01 9.558187734349643527e-02 1.483804177311435973e-16 1.456309728816441358e-16 -8.193359958726481043e-32
9.895003415665915014e-01 3.960617570133474485e-01 -7.408990414781188583e-02 -5.000942703219063303e-17 4.629217093879296144e-17 -2.336351665148771103e-32
1.527179029063008731e+00 4.098792708793748685e-01 6.083233380249739031e-02 1.078548117982212663e-16 1.224784245348291437e-16 -6.844047425278034865e-32
3.708265905880807178e+00 4.164653453118594140e-01 2.588844802132106437e-02 6.173548341480669590e-17 2.419871838231334978e-16 -1.310456740741499779e-31
-9.044454975243583661e+00 3.570185994965491272e-01 -1.626357158182895404e-02 4.080140993307321079e-17 -5.370073195551545441e-16 2.859054261795816601e-31
-9.044381172176555239e+00 3.615897695102369691e-01 3.754057219274924140e-02 1.042377954980609614e-16 -5.194881573891467245e-16 2.747912685979280524e-31
-9.044211667273764022e+00 3.720884623155528148e-01 1.611135689202597698e-01 2.499333445002025202e-16 -4.792515656114018737e-16 2.492651722396094361e-31
1.087436057864583638e+00 4.031748115578859815e-01 4.588823515688581801e-03 4.253403921117747553e-17 7.778125237534639381e-17 -4.274764756429983436e-32
1.152985995854828527e+00 4.365594713102415314e-01 3.941846808891578124e-01 5.017303234480737544e-16 2.085390132292535525e-16 -1.253065792960165335e-31
2.049398735404384997e+00 4.606026718129402897e-01 6.309766340003264418e-01 7.788925931061679651e-16 3.394137961854418263e-16 -2.029059324807334245e-31
1.047307807327569673e+00 3.950726380886658284e-01 -8.871386684461117500e-02 -6.738186485964952295e-17 4.500061236084095968e-17 -2.219388966329389965e-32
-9.044530571052522561e+00 3.523363917116126287e-01 -7.137466569751901857e-02 -2.417590166356783984e-17 -5.549520376981291245e-16 2.972895564998289292e-31
-9.044591316976637430e+00 3.485739471690135205e-01 -1.156598501268248785e-01 -7.638920415647724876e-17 -5.693717324119616480e-16 3.064374117345860148e-31
4.710600804321297685e-01 3.910626662565001022e-01 -1.062011649791985979e-01 -8.670011464878418615e-17 4.728198056127191687e-18 -1.352628876921942960e-34
9.031026571901823452e-01 4.082008593434687249e-01 7.325651713311567836e-02 1.239108934946254736e-16 8.907289298758978081e-17 -5.102814563125635808e-32
5.677557978140146400e-01 3.958784048836241354e-01 -5.450055683368193460e-02 -2.596178977977787524e-17 2.736074662445234112e-17 -1.390809533716851709e-32
1.523612050502100690e+00 4.463259584242854627e-01 4.900358662631768558e-01 6.139055206924099081e-16 2.619819674453450638e-16 -1.569667018961965544e-31
3.872802603582496506e+00 4.801895868996485794e-01 7.675118815147652374e-01 9.357586061259124741e-16 4.932796900901299787e-16 -2.894752164604510519e-31
6.352057285938559339e-01 3.915199522293875134e-01 -1.092826900240754101e-01 -9.070355418802481752e-17 1.357522629238129934e-17 -4.753560027181550885e-33
1.078350791887696003e+00 4.734410422421033160e-01 8.321719860506073818e-01 1.018297637190068415e-15 3.466372121828974968e-16 -2.133717908770369470e-31
9.980596413324026583e-01 3.974384592442462560e-01 -5.832589670322754077e-02 -3.144253844713534862e-17 5.193742186821179781e-17 -2.689315136978659281e-32
9.917555466449903268e-01 4.233168087783811817e-01 2.466172355821632800e-01 3.281079454004311657e-16 1.508265254709606218e-16 -8.966912250456062793e-32
7.274775621360211053e-01 3.983991947431758662e-01 -3.306413705243127499e-02 -1.047925833044195393e-18 4.392357134187615675e-17 -2.344829348258353491e-32
1.360699504608346322e+00 4.392695849995545965e-01 4.153749259279320705e-01 5.262456932344727998e-16 2.279016184134164907e-16 -1.363322696211534316e-31
-9.044339188970450749e+00 3.641901001001834337e-01 6.814730099609141167e-02 1.403238682991897807e-16 -5.095223033180683066e-16 2.684689301474831749e-31
1.046847674394892236e+00 4.259494594495408792e-01 2.747657018636459614e-01 3.611714917323469173e-16 1.632956290724412094e-16 -9.724606268114045094e-32
-9.044264966807180173e+00 3.687872278451447827e-01 1.222569756306719213e-01 2.041204821305785715e-16 -4.919036572776302656e-16 2.572916599896244816e-31
1.789099382465527910e+00 4.398369493312723755e-01 3.999626577344837508e-01 5.071079347282389442e-16 2.485921744808473501e-16 -1.468634074818334082e-31
1.759279707759327405e+00 4.578566289201663198e-01 6.136127709294630916e-01 7.590745011212845290e-16 3.163517445287988707e-16 -1.900324762729008993e-31
4.458321295561688546e-01 3.914429976818331047e-01 -1.004233243316262625e-01 -7.983098032015242263e-17 5.095150729703844028e-18 -5.209117492210245003e-34
9.453640881228757564e-01 3.932390231630104038e-01 -1.050408178533259324e-01 -8.640184670473766992e-17 3.356823999663564879e-17 -1.555853082339995268e-32
2.026246156278146859e+00 4.294753281215962781e-01 2.657657376192666954e-01 3.483512134781758957e-16 2.191382188796651137e-16 -1.267402998458094077e-31
1.035814526455769879e+00 3.881186483976521440e-01 -1.699776946979828784e-01 -1.631682092926817717e-16 1.785729855255849537e-17 -5.043109467250270593e-33
3.642145799303211362e+00 4.869413633730606539e-01 8.588820999563456793e-01 1.044006840386891462e-15 5.091818265850102832e-16 -3.009613835426508523e-31
6.100116632454876786e+00 4.810806893375874083e-01 6.631478571089717278e-01 8.076867748280416392e-16 5.929643052640052089e-16 -3.392234027185080478e-31
1.519686839949586199e+00 4.443639069604840008e-01 4.671426617074330156e-01 5.869226620091455935e-16 2.542940513305495977e-16 -1.521130722790673278e-31
9.181867109782325675e-01 4.210325840985336132e-01 2.235229126026697932e-01 3.010450467843326025e-16 1.388939236910817128e-16 -8.254449479219100580e-32
6.163534535992019059e-01 4.177419797053167905e-01 2.003529860044105659e-01 2.744078695922284253e-16 1.132388836933119089e-16 -6.809695163463718514e-32
3.882400131291652290e-01 3.926941957248131221e-01 -8.272549245419785757e-02 -5.883485267497387286e-17 7.400261350187763046e-18 -2.332257381986489849e-33
1.281232474573252844e+00 3.907979563744509166e-01 -1.510943297283038611e-01 -1.414577579587255692e-16 3.873154104146769756e-17 -1.679938710112484793e-32
4.414133424430000119e+00 4.319219010467694742e-01 1.714313022816202348e-01 2.317423612661653512e-16 3.317235164553028771e-16 -1.837001687651171602e-31
1.288749052780530757e+00 3.933516600552684483e-01 -1.214218872907684849e-01 -1.064900935166279269e-16 4.884179906345105672e-17 -2.316805393633756111e-32
3.642495467828535949e-01 4.143402604471818074e-01 1.733107731763758319e-01 2.430929947157777792e-16 8.930749612447499619e-17 -5.444165012957885801e-32
-9.044428824665599720e+00 3.586382982805564890e-01 2.800804931250372443e-03 6.327877048929140970e-17 -5.307997697217107863e-16 2.819673561742291795e-31
4.856284109855856790e-01 4.117815314782056202e-01 1.369325749421479166e-01 1.999283322380943398e-16 8.474916392222073479e-17 -5.081434813989894690e-32
1.330507691501096934e+00 -2.868236981177368361e-01 -1.195084796150962247e-01 -1.719945556829837204e-16 3.310854859002006188e-17 -1.295141236367987171e-32
1.279817673793978372e+00 -2.408614085878568178e-01 -1.169749492512789507e-01 -1.643222734944417163e-16 3.216557176437914743e-17 -1.265906024934440222e-32
1.140775332600700631e+00 -2.844357079854629711e-01 -8.161536895968779515e-02 -1.268895959429588443e-16 3.405822942866906435e-17 -1.470341637820348511e-32
-1.856228471591310125e+01 -2.956107265970730480e-01 6.449246447527430537e-02 9.605362300713614795e-17 -1.098994014284750667e-15 5.847636776473221676e-31
-1.856165206957683722e+01 -3.355983740667405346e-01 3.321132821585788264e-01 4.053474269818120027e-16 -1.013576658606081602e-15 5.305749018243048281e-31
4.670405207794358082e-01 -7.347317835496587346e-01 8.019399402556581791e-02 1.956003537688292025e-17 3.352170670823203250e-17 -1.845703560364384392e-32
1.876691813850970059e+00 -7.403301437082364655e-01 -5.839502910196569391e-02 -1.470197290537927458e-16 7.299834880413336533e-17 -3.496159042778452372e-32
-8.807661572919364690e-02 -6.523575178449693146e-01 1.371640860252475724e-01 9.593270276209864811e-17 2.097166899048764596e-17 -1.385606607685654429e-32
-7.830460420953956335e-01 -7.111208040461305391e-01 3.076194995623921305e-02 -3.259227660742910435e-17 -5.666311936690073860e-17 3.118569588248548108e-32
6.118103015046528759e-01 -8.425825843766485690e-01 -7.264372308295631575e-02 -1.704622754710933582e-16 -1.019075454369257847e-17 1.014984614107985860e-32
6.243959615177464562e-01 -8.008365709274878341e-01 -8.460319016159317806e-02 -1.803447273930115775e-16 -1.214493686326086562e-17 1.146700552693896053e-32
6.825018614574074327e-01 -8.419792200112914404e-01 -6.918669777921368502e-02 -1.665457962434127226e-16 -4.823296256153030590e-18 7.172881328299376128e-33
5.598381339608026197e-01 -8.399733991970351754e-01 -3.925061192035732976e-02 -1.309736617826667080e-16 -2.439152221638277139e-18 4.917155537551072126e-33
1.029759720342775520e+00 -7.972912567302747888e-01 -6.377367279962097013e-02 -1.567004739494947639e-16 1.896095524663184450e-17 -5.811453387324284684e-33
7.422876749245483907e-01 -8.088462716674627018e-01 -4.879797439178694407e-02 -1.395455453759087953e-16 6.264536702336866405e-18 5.015120091014309365e-34
-9.526248497845539731e+00 3.517611017219240965e-01 7.782498219566919007e-01 9.716167622305497571e-16 -3.092410672094227671e-16 1.384838585031801994e-31
2.759872253052974678e+00 3.695526202097509927e-01 3.541323455075247595e-01 4.438588274419362307e-16 2.899698319498052017e-16 -1.672348415900207924e-31
-4.073723149629627227e-01 -8.482763784178386501e-01 -8.711124128328531779e-02 -1.852210638496555024e-16 -7.606004740044734500e-17 4.576424625943626594e-32
-2.085262496028440771e-01 -8.474898713342178258e-01 -8.810681001655924771e-02 -1.868433723142094805e-16 -6.445165956003604133e-17 3.960430600327665837e-32
9.664996769977737268e-01 -7.549835154318296215e-01 -6.520990670007206780e-02 -1.540046739033255046e-16 1.588098161247300785e-17 -4.239577857056601651e-33
-3.612896643328193380e-01 -8.488750555579586132e-01 -9.653465332910739216e-02 -1.964354648887853257e-16 -7.636227292780172906e-17 4.623517971756152341e-32
6.194415612410196781e-01 -8.419967777318198010e-01 -6.614161478307899189e-02 -1.628133251920749542e-16 -7.616197715574110389e-18 8.562715753938667925e-33
6.405791398929501224e-01 -8.421814235613493960e-01 -6.940508650712760852e-02 -1.667087240173669594e-16 -7.410111417502864911e-18 8.560032322573586228e-33
4.921754331104005176e-01 -8.407768782856329670e-01 -4.521940427130383133e-02 -1.378584145424096457e-16 -8.442502408920357700e-18 8.315896923056573655e-33
5.275807418549396388e-01 -8.407009816468001828e-01 -4.615171784125841892e-02 -1.390374958389905699e-16 -6.621373379417684014e-18 7.375030757291943287e-33
3.579543616113131099e-01 -6.474117712308719019e-01 -8.989540751466644497e-02 -1.705671738500511495e-16 -2.555919814346861958e-17 1.836719279518417009e-32
3.892598196478021522e-01 -6.471330934587837813e-01 -8.822934072588002608e-02 -1.686734464921753017e-16 -2.313825089263988922e-17 1.702094746952986329e-32
-7.169199779326182131e+00 -6.777976657988226128e-01 -5.942841317242093802e-02 -1.176679394797920591e-16 -4.673352925070171906e-16 2.530376419376233007e-31
-6.149146830546662557e+00 -6.747084064594874864e-01 -7.566415534740121573e-02 -1.391110950234465795e-16 -4.114085306393819518e-16 2.237363108151544067e-31
4.823941022379217847e-01 -6.468690308810610690e-01 -8.992356720965671846e-02 -1.708810540471749821e-16 -1.810091094842137563e-17 1.438938844379183502e-32
-7.683844586020231127e+00 -4.035914837316061932e-01 4.089473263296863198e-03 -1.466504628643082719e-17 -4.700284819498435183e-16 2.516354136238405235e-31
7.233757372322044965e-01 -3.687183351674542808e-01 4.793218857606577066e-01 5.224751821869400976e-16 1.880050258768268149e-16 -1.149034658174714886e-31
2.295516894616657755e+00 -8.223414126401541457e-01 7.879648866040123156e-02 4.292189803637250031e-18 1.401440793189856007e-16 -7.502560534628504987e-32
6.614522961734777828e-01 -7.440063142207402613e-01 7.973445300463789798e-02 1.757672428076694267e-17 4.475890533823828083e-17 -2.440861507260174355e-32
4.813075995093974990e-01 -7.820238471950493597e-01 -9.420733717712574673e-02 -1.893314757361855492e-16 -2.329646280778000464e-17 1.767544523896969100e-32
5.735165144649089219e-01 -7.805515984418213149e-01 -8.163209989231005881e-02 -1.747129093640137085e-16 -1.366954869906903533e-17 1.212653655285788070e-32
-1.856224713239464919e+01 -3.724550172740256904e-01 -1.017012826541739412e-01 -1.061304270746973234e-16 -1.154830978027509210e-15 6.201866509629184817e-31
5.409431287443579039e-01 -7.807757909219559256e-01 -8.259143011751925167e-02 -1.757705151851222849e-16 -1.593652025680313301e-17 1.336741396122795839e-32
5.992208814608279699e-01 -7.812053492696169332e-01 -9.065296942989348183e-02 -1.854067377249767552e-16 -1.506360769527627005e-17 1.316669433375803357e-32
3.494918593351432623e-01 -7.802030466103894168e-01 -6.597722180410153792e-02 -1.557500842218447518e-16 -2.201685865600987941e-17 1.606501992217911558e-32
3.336313037432928064e-01 -7.821150974468098482e-01 -8.766640509126095993e-02 -1.812864483314254554e-16 -3.002905590924909310e-17 2.105207095561476698e-32
-1.856198179657846126e+01 -4.122572288659163142e-01 -4.577558566893331210e-02 -4.462328778723235181e-17 -1.137844613846334041e-15 6.094105004564037933e-31
-1.856228451908620158e+01 -3.542341126044765143e-01 -7.874075203612465601e-02 -7.744142731957075654e-17 -1.146907966105972246e-15 6.151602917008220418e-31
-1.856199872350625313e+01 -4.133056387474559057e-01 -5.811570774536744394e-02 -5.917258988633130423e-17 -1.141862679828596392e-15 6.119595617686504029e-31
4.157147106836353578e-01 -3.361877002461668984e-01 -1.289503435051632674e-01 -1.854935992574534147e-16 -2.609539549493913268e-17 1.906559533861071335e-32
1.025720395937269380e+00 -8.162169304273737547e-01 2.163668452972304646e-01 1.693554702150781255e-16 1.087283228391538104e-16 -6.278776592010013125e-32
5.744702839275916961e-01 -8.030909285870904135e-01 3.941441369906872327e-01 3.799775566334340864e-16 1.395208514130304731e-16 -8.505725338564855445e-32
1.313669177057463555e+00 -6.967658589553598070e-01 -5.354524673673399793e-02 -1.354957763568679769e-16 4.205530327486722869e-17 -1.874042703714637167e-32
-4.120366615754323725e+00 -8.101615609104699800e-01 5.029859966430433316e-02 -1.058982559890996985e-17 -2.529572162788200774e-16 1.354981154438472313e-31
6.284045286361737981e-01 -8.390636011225853785e-01 -3.207692207239173227e-02 -1.226703403524831116e-16 4.010654742545859083e-18 1.240645620255101188e-33
5.973335948483592395e-01 -7.426366481782333828e-01 -1.957406298368184749e-02 -9.836310477279481426e-17 8.863155645685436171e-18 -2.023633338616592889e-33
1.831601557142176206e+00 -7.900413622758440946e-01 -1.978169500352157731e-02 -1.066413215595547035e-16 8.139895958602945415e-17 -4.056572535244501755e-32
7.043854004015048798e-01 -5.540039291340990157e-01 1.550895983522412869e-01 1.245629264620046548e-16 7.694908704974159208e-17 -4.456594486707807826e-32
4.628646023413765520e-01 -5.848721211651073393e-01 3.536624702483370242e-01 3.545890213347648180e-16 1.258028934984810333e-16 -7.702454447527058463e-32
2.941027380637536437e-01 -5.761000641178212200e-01 -8.385085329524105680e-02 -1.562289686806476039e-16 -2.545310871362498323e-17 1.791491185970650226e-32
8.407110994657700509e-01 -7.406837826100859390e-01 -9.136546810490708131e-03 -8.660593706799291792e-17 2.686559716892666470e-17 -1.197032908284000449e-32
8.150135448972374297e-01 -7.078105964075780410e-01 -1.267837608376247253e-02 -8.741409669007646056e-17 2.509316588480695870e-17 -1.100066603693696684e-32
1.303858564513598495e+00 -7.109589099948897539e-01 -7.494536874598020648e-02 -1.619311890463794137e-16 3.415844434502315588e-17 -1.379022067926382742e-32
4.305236802255879014e-01 -5.532462483103589568e-01 1.781302874614160980e-01 1.523462337388678298e-16 6.801541013282877585e-17 -4.055739543832992059e-32
1.987983231581112342e+00 -7.935990723002068759e-01 -6.972400327813450815e-02 -1.658773898203409688e-16 7.452560475928807065e-17 -3.525764764790790686e-32
-5.965092722033386030e-01 -7.600874170382185824e-01 -4.469084562085570006e-02 -1.262867081767252182e-16 -7.123346830596212053e-17 4.155849671565756321e-32
1.937536926247403590e+00 -7.938883311687476851e-01 -7.052760783325791316e-02 -1.667110776984065093e-16 7.123679741575375708e-17 -3.347677537509653117e-32
-9.360660366722265424e-01 -8.489966506864208284e-01 -6.832713930704029104e-02 -1.618816043607459605e-16 -1.016714711577800177e-16 5.880967363763530247e-32
1.348875482761781264e+00 -6.429122833620544153e-01 -8.802892417934060632e-02 -1.706016040297309728e-16 3.451217756396827608e-17 -1.374008390359879572e-32
1.319097136748683896e+00 -8.402522068558802015e-01 -8.168433175506271959e-02 -1.827167151738435346e-16 2.930956688004638002e-17 -1.062503871254517910e-32
1.717675601154043052e+00 -8.326949853436769189e-01 -1.328014322011163845e-02 -1.029653231698810493e-16 7.549515114154565685e-17 -3.751154917187630007e-32
2.020704777500773375e+00 -8.340352254963256939e-01 -4.468227283678566364e-02 -1.406727851529369248e-16 8.345724652083577590e-17 -4.072699004441467084e-32
-6.439365278890449851e-01 -8.459120534764692501e-01 -4.708177314477858533e-02 -1.374916491603963471e-16 -7.722523699987231231e-17 4.507023722762134886e-32
6.700475393562136395e-01 -8.420164731266627234e-01 -6.898299232612767340e-02 -1.662775307065340382e-16 -5.504350877112804915e-18 7.529504723955065207e-33
1.082546487416949699e+00 -8.376446779557206179e-01 -3.879277160681299935e-02 -1.316128465873227292e-16 2.907688113207880084e-17 -1.191056987097816687e-32
2.292064624108153037e+00 -7.849276925604605770e-01 5.193771956916942711e-01 5.237566388913368248e-16 2.833580899371083426e-16 -1.659051536749156939e-31
2.129157979777231979e+00 -5.919162627126677290e-01 4.720171991141868806e-01 4.879480798206126568e-16 2.636462994041269439e-16 -1.543812561226338030e-31
1.483308617454512257e+00 2.048272312185064892e-01 3.143067957434843296e-02 5.316694099556791462e-17 1.046659036070620704e-16 -5.741087836157928081e-32
9.243294870349197945e-01 1.974773966788532786e-01 -2.626112900282574075e-02 -1.359247250246453189e-17 5.234207604752945572e-17 -2.760190408817579271e-32
-5.128738262013760041e-02 -4.611789494304899817e-01 -9.318020278293623337e-02 -1.547932781763400767e-16 -4.596727227379262774e-17 2.884014913942987974e-32
4.001377019146369340e-01 -8.303534373628522758e-01 8.222253491090567024e-02 1.260670042697026633e-17 2.752031023443019978e-17 -1.505744636997830681e-32
7.555699999500815611e-01 -8.367677732795690826e-01 -1.160977224854273585e-02 -9.882583999537964675e-17 1.830429795480548076e-17 -7.057169512615010512e-33
1.952607964382626404e+00 -8.383326330188349829e-01 -9.175625200545034499e-02 -1.960206944017119410e-16 6.404697339433906864e-17 -2.882518380770967454e-32
1.829050093714231773e+00 -8.282147681889330260e-01 3.371406632175428381e-02 -4.780907913951250889e-17 9.747648977626469910e-17 -5.078230534554215827e-32
3.460139280319263655e+00 -7.342901510557025002e-01 -6.894914704821547558e-02 -1.630348551641798734e-16 1.645831493600932939e-16 -8.347194212911505809e-32
2.986118372995539616e+00 -7.361658177946786008e-01 -6.658462199816587990e-02 -1.591778412815735407e-16 1.369075390253133330e-16 -6.878570422051516439e-32
9.258202184814726676e-01 -7.055220411239336853e-01 8.546722539974778085e-03 -6.263905607187648018e-17 3.865187388273721655e-17 -1.893132999167895948e-32
2.456681715285132572e+00 -8.162154517389293984e-01 1.425955221534527806e-01 7.914947510431500716e-17 1.705836994404605432e-16 -9.336085472273999015e-32
1.508747568182516430e+00 -8.187884327824538344e-01 1.611895891084604293e-01 1.032104928066346982e-16 1.197523852949366162e-16 -6.685527094132199576e-32
1.382558002410177567e+00 -5.162349568782834686e-01 1.063053168225623346e-01 6.938745113418437950e-17 1.028440112411648104e-16 -5.688458139357919448e-32
9.519005705031435838e-01 -7.249876976348342827e-01 1.698909189800896224e-01 1.242215321878444810e-16 9.181630085611818182e-17 -5.250307081525964836e-32
7.050075757535433363e-01 -7.141927486065059449e-01 3.096911800082659538e-01 2.896067281201264507e-16 1.225094415087926188e-16 -7.347139707979254785e-32
8.187606969180487582e-01 -7.187767944340542892e-01 2.498658915509703038e-01 2.188145073693889179e-16 1.098608243704705691e-16 -6.475761224348156453e-32
1.340755005691909085e+00 -7.987544295144995976e-01 4.056756196486782651e-01 3.918451010826118428e-16 1.892583364411578065e-16 -1.119694153570808882e-31
1.578754363042775832e+00 -7.402608501722015566e-01 -4.221596788080043267e-02 -1.272721642432875432e-16 6.038627192528888366e-17 -2.876523386562488275e-32
3.640331852804944424e-01 -6.187199424882193766e-01 3.771292017881868186e-01 3.789590872288450535e-16 1.265298117141928654e-16 -7.808542767154804638e-32
1.967234736987571564e+00 -7.355946030132937130e-01 -7.321169192671939802e-03 -8.700647954817496201e-17 9.505765299271707490e-17 -4.840801896172916929e-32
1.633337670878221237e+00 -7.222486524768751970e-01 1.669937637063261815e-01 1.192686966726130522e-16 1.317652796081045334e-16 -7.371920716063907578e-32
1.188819453729541564e+00 -7.168773614437636832e-01 2.531420188193292398e-01 2.218424673856651590e-16 1.331340001219086666e-16 -7.728069246594398262e-32
6.113478857530278976e-01 -8.374123281621039805e-01 -1.175999236995718331e-02 -9.867765447543741192e-17 9.600830771046909669e-18 -2.409243534314466378e-33
1.548130661963271093e+00 -8.015149055300758718e-01 -4.053303501582096458e-03 -8.860797207736019635e-17 6.918766681478260815e-17 -3.453629500669738299e-32
1.325301847825163692e+00 -7.546844698298300624e-01 5.586853568295662154e-01 5.753788467301259946e-16 2.390029836996108625e-16 -1.436214954920808946e-31
6.010209508088061314e-01 -7.887663735684408151e-01 1.948501508775747071e-01 1.480408684774546728e-16 7.710150656517532112e-17 -4.529514501906089643e-32
2.137395650070375019e+00 -8.303900435532679536e-01 -7.791535595432852804e-03 -9.744080167383190538e-17 1.024686546424782287e-16 -5.208133678041937197e-32
4.180733281207505425e-01 -8.086515796841152737e-01 -2.978783831006014821e-02 -1.164007974781093885e-16 -7.002786795436712711e-18 6.954374012662318588e-33
5.435593191190172258e-01 -2.659909496551195462e-01 1.662966832987486931e-01 1.667525171444025450e-16 7.892234909222469021e-17 -4.678462236866141254e-32
7.573064154589009833e-01 -8.413453299768326454e-01 -6.558244011341565760e-02 -1.624650030815303796e-16 8.389052202699621360e-19 4.033842658182036434e-33
4.469671663072359302e-01 1.874639364956895982e-01 -1.195155268763403028e-01 -1.224652382976529727e-16 -6.660645512231388438e-18 6.938810606334330997e-33
1.019407704518764168e+00 1.933928619729534948e-01 -7.924360758078173583e-02 -7.627471185062016205e-17 4.080032760487985364e-17 -1.970348783243017495e-32
1.342417720709569551e+00 1.911011485024562695e-01 -1.228760057180489640e-01 -1.284470614131586547e-16 4.598015524536104068e-17 -2.103273203081589678e-32
1.030449745316283527e+00 1.917280669802861326e-01 -9.940955917978847034e-02 -1.000758242367089768e-16 3.489837129629536964e-17 -1.589223703340258140e-32
-4.092188751035323868e+00 1.715797730995987369e-01 -7.242506321864505825e-02 -5.670603810038633121e-17 -2.637197677497493357e-16 1.425230106713235080e-31
2.652571518065927059e+00 2.640129291495740826e-01 -8.979383210870742205e-02 -8.599768246951845438e-17 1.371537237699880247e-16 -7.093625389405337668e-32
1.186421602592125035e+00 1.908088842095530813e-01 -1.182722223453620269e-01 -1.226672194268081561e-16 3.811770594149795079e-17 -1.698970265605542651e-32
3.961888492552091412e-01 1.881158226624190799e-01 -1.092236471407070642e-01 -1.102162989045723591e-16 -6.357490132212747731e-18 6.438838315662149075e-33
1.047088569683129355e+00 1.933967509595307110e-01 -8.062521690937680952e-02 -7.796610228056757814e-17 4.201166546445547790e-17 -2.030428577341459152e-32
1.471222533236691055e+00 1.915970683116163253e-01 -1.236803858604783729e-01 -1.296859722810647987e-16 5.344770309777238467e-17 -2.498996559201555753e-32
5.285927649939796691e-01 1.864334878401619211e-01 -1.358541903705325349e-01 -1.419130779182072238e-16 -7.081093827389667207e-18 7.700086205655537698e-33
-4.144876758516340409e+00 1.693548884254968967e-01 -9.589762335052734454e-02 -8.426198622831923023e-17 -2.745224670045375391e-16 1.490573067668091447e-31
-4.092252858194576071e+00 1.676091423949638837e-01 -1.191606658473414321e-01 -1.118084428591595653e-16 -2.789373429017414062e-16 1.521770413063077677e-31
5.718922359426398261e-01 1.882351955953107947e-01 -1.168787834106623374e-01 -1.196382197123208996e-16 1.694265102641396821e-18 2.395105804567889444e-33
8.056071294647284553e-01 1.899073985749487048e-01 -1.092467292893988945e-01 -1.111669738022716911e-16 1.820361160803530883e-17 -6.662873630386861942e-33
1.202444483190111768e+00 1.940927636496339315e-01 -8.044340273837716215e-02 -7.810215031471416925e-17 5.139354103271422821e-17 -2.531515675510682767e-32
1.362885422191675300e+00 1.918389012857609210e-01 -1.152472378729563068e-01 -1.194987019639048520e-16 4.969176767130398879e-17 -2.326346941113263637e-32
1.054012959707578467e+00 1.914801160673958447e-01 -1.035432847903502984e-01 -1.050027472394029590e-16 3.496672493433715562e-17 -1.579284351593958153e-32
7.374996313053654440e-01 1.923055145817817446e-01 -7.750611406565827144e-02 -7.359030393999920570e-17 2.444902239244347676e-17 -1.103775442526736414e-32
2.003807301189609369e+00 2.603293935604651388e-01 -9.969922466648566128e-02 -9.621309488627265899e-17 9.499781627617175643e-17 -4.812203532657167053e-32
9.461402402903312803e-01 1.901150401341186458e-01 -1.140492569228906405e-01 -1.171462632159182632e-16 2.507345083477203794e-17 -1.016984911380537800e-32
7.995021503874821800e-01 1.901143262655019817e-01 -1.064961430252629598e-01 -1.079101875840653104e-16 1.873265211567638533e-17 -7.035497759928706300e-33
1.692673634504068270e+00 2.827124336047329711e-01 -8.984208132817896042e-02 -8.161160559879581880e-17 8.017085259977756631e-17 -4.059984414743788966e-32
2.020457769236905676e+00 1.940153213625815942e-01 -1.235365338658322432e-01 -1.307551903883821890e-16 8.645336553193843901e-17 -4.260203546896468522e-32
-4.144882833497755215e+00 1.689786198773788328e-01 -1.003264253859307703e-01 -8.948365083998801350e-17 -2.759645288164390730e-16 1.499721508711154633e-31
-4.092197617801777376e+00 1.710305886475131931e-01 -7.888914115280482031e-02 -6.432734217450181546e-17 -2.658245355545622353e-16 1.438582754992769049e-31
-4.092251617491236004e+00 1.676859883328774836e-01 -1.182561644003125995e-01 -1.107420137978923329e-16 -2.786428282711159834e-16 1.519902012060874229e-31
6.653841591570364145e-01 1.881715502747868529e-01 -1.224489523092013171e-01 -1.264164756932332732e-16 5.491340358174075620e-18 5.525692126821731607e-34
8.883775808827526488e-01 1.903829698845677654e-01 -1.079168340573286172e-01 -1.097856833630630414e-16 2.360346766773708634e-17 -9.587211901217823682e-33
3.120556427325367643e+00 1.997082967155574540e-01 -1.132511565985658969e-01 -1.211097697484548648e-16 1.558169140642464879e-16 -7.994304724477292691e-32
1.437243498376688633e+00 1.934764793794191418e-01 -9.980538976391525874e-02 -1.014600599665944302e-16 5.918063895021690673e-17 -2.883295031889509447e-32
1.351328223169809606e+00 1.918675098933602663e-01 -1.143145247978114148e-01 -1.183729400697301042e-16 4.930186024111324549e-17 -2.308612198125916630e-32
3.076912982873345914e+00 2.011690259953066440e-01 -9.380617516538077016e-02 -9.808516698091331795e-17 1.595278102743511557e-16 -8.256175055537812977e-32
2.191787024330882794e+00 2.587762566385114482e-01 -1.276747728698019446e-01 -1.296210250309485287e-16 9.717140244949217294e-17 -4.836213023998123785e-32
1.017500545173724236e+00 1.899569679586270154e-01 -1.195897033496922945e-01 -1.238395567822394117e-16 2.755211426173086502e-17 -1.131003693292546601e-32
1.786628864835073882e+00 1.933038683283830883e-01 -1.198535726627894538e-01 -1.258854676652508172e-16 7.362052708271132137e-17 -3.587721755159684164e-32
2.514578840926312786e+00 1.971575909745997279e-01 -1.120281624778760310e-01 -1.183010180209990765e-16 1.198511690500875956e-16 -6.079680137329162157e-32
1.406743394532125713e+00 1.911443117071659203e-01 -1.256849326568816871e-01 -1.319039521403209034e-16 4.892586530919102382e-17 -2.251184582084477578e-32
2.251629436630358416e+00 1.949257753202601751e-01 -1.247400017381291443e-01 -1.326955293803316969e-16 9.993389041531128619e-17 -4.975386122396792781e-32
-4.092192614109572801e+00 1.713405043283263707e-01 -7.524133374276807673e-02 -6.002648909709914571e-17 -2.646367733287651740e-16 1.431047590684136836e-31
2.792821204133256963e+00 2.017958827345874284e-01 -7.177791498563798611e-02 -7.147246667330492415e-17 1.496506683686977991e-16 -7.801662207707966056e-32
-4.092287288318635419e+00 1.654766300617619978e-01 -1.442610230497831936e-01 -1.414023704938809216e-16 -2.871102678366061065e-16 1.573619453998013969e-31
-4.092217695856935400e+00 1.697870061329984637e-01 -9.352650799896206069e-02 -8.158515136479923794e-17 -2.705906071890361726e-16 1.468818716444037155e-31
-4.092049385575371900e+00 1.802117072065904380e-01 2.917558220792462048e-02 6.308357780605158298e-17 -2.306375912011071174e-16 1.215356757850067836e-31
7.212817163746507720e-01 1.881871160192148673e-01 -1.251481302718706057e-01 -1.297249594091836210e-16 7.967017308958822059e-18 -6.794056749530077191e-34
-4.144798427296988663e+00 1.742065204166757530e-01 -3.879235174324043023e-02 -1.693349118432202804e-17 -2.559284249171198939e-16 1.372612452953060670e-31
-4.144757869340336853e+00 1.767185747624774594e-01 -9.224662773818882028e-03 1.792752854658001036e-17 -2.463008925080989546e-16 1.311535381285814868e-31
-4.915617990287881156e+00 2.684989646522563111e-01 3.532720699316615476e-01 4.534594671645795712e-16 -1.727725165522193532e-16 7.983665969866677359e-32
-4.144848368077765244e+00 1.711133183487924814e-01 -7.520033663241917909e-02 -5.985938508481089219e-17 -2.677832254336640019e-16 1.447819314897397439e-31
-4.092234730509614948e+00 1.702086080089154074e-01 -8.856288868017087035e-02 -7.573287047392203177e-17 -2.689758343715261968e-16 1.458573152484027363e-31
-4.144817735063071495e+00 1.730106476040187968e-01 -5.286816002769218620e-02 -3.352920926158327377e-17 -2.605116475214253301e-16 1.401688420041762465e-31
2.008248376014149184e+00 2.159696683534448325e-01 1.355210690594203238e-01 1.747083233107881710e-16 1.700510946010773023e-16 -9.571254487849721074e-32
-4.144900861664389424e+00 1.678620021264032869e-01 -1.134693760604488233e-01 -1.049795072547549990e-16 -2.802440037425973421e-16 1.526870500338359276e-31
-4.092275909621311492e+00 1.661813969785852774e-01 -1.359656893809892131e-01 -1.316219716605019622e-16 -2.844092250252267484e-16 1.556484036701226911e-31
-4.092252144123471602e+00 1.676533701019267963e-01 -1.186400914873577822e-01 -1.111946731102434546e-16 -2.787678387336195364e-16 1.520695078513741193e-31
1.984139620438710061e+00 1.996722882343140437e-01 -5.507472554408742588e-02 -4.995493520189582359e-17 1.065601720505265987e-16 -5.557834314326442049e-32
-4.142052359275125162e-01 1.877245480970529401e-01 -7.204074513160857451e-02 -6.454876548742226033e-17 -4.288403974671316274e-17 2.470240624770543838e-32
5.803509844970135001e-01 1.898042128285020447e-01 -9.884582131057344234e-02 -9.839594494677079384e-17 8.072089439908086154e-18 -1.599901421312047392e-33
3.590503400693930702e-01 1.878837372172736109e-01 -1.100404822311104036e-01 -1.110956022468749707e-16 -8.852022235403496250e-18 7.796427946661810849e-33
8.967174061949731989e-01 1.935191749201191080e-01 -7.143012947967529447e-02 -6.678567499280843465e-17 3.598135793537613940e-17 -1.738953497207621953e-32
1.637372977215911518e-01 1.904952988111861534e-01 -6.922790465393102721e-02 -6.253592396135422273e-17 -7.286863331420656643e-18 5.620138073519508422e-33
7.221204588729814855e-01 2.578447539821389634e-01 -6.285503704184991491e-02 -4.988189402031711202e-17 3.007938976278898253e-17 -1.470128302840726996e-32
7.933269729211800403e-01 1.916054036076046685e-01 -8.862601268721000125e-02 -8.682688845912149755e-17 2.417930888698119147e-17 -1.052840876872956032e-32
6.074140136445216331e-01 2.761707606499696488e-01 -1.108827968660242441e-01 -1.039713332964014028e-16 8.196614472040284127e-18 -1.512641108410775350e-33
3.970716470376867147e-01 1.936955301941581664e-01 -4.358956869389744859e-02 -3.283392263876066214e-17 1.506118881383874144e-17 -7.144371152174460915e-33
3.529428338625551498e-01 1.906435406073420935e-01 -7.723947080816509492e-02 -7.240853999245484748e-17 1.459109154952137775e-18 1.217779767203281703e-33
7.045126859563362043e-01 1.881539850982772988e-01 -1.246734102517606524e-01 -1.291274283019652748e-16 7.115265824919454798e-18 -2.406286800219761010e-34
6.899205103389528526e-01 1.894916001844611786e-01 -1.081756782535167605e-01 -1.096432393278596211e-16 1.161007683962205732e-17 -3.180659156104235416e-33
9.791915796995224186e-01 1.912679420818530762e-01 -1.021825899483329719e-01 -1.032296881148205241e-16 3.091974278579681996e-17 -1.367864325533591245e-32
2.540906865091965283e-01 1.913964904395558664e-01 -6.327898736695433679e-02 -5.572578425940916319e-17 7.165326874621733198e-20 1.499117015396006570e-33
2.605400580817525125e-01 1.905859197243593983e-01 -7.315290796096368675e-02 -6.738195260274930877e-17 -2.755562598689646991e-18 3.331848911697786536e-33
5.102414790306925019e-01 1.907599804543887445e-01 -8.398007684442999887e-02 -8.071069204717910602e-17 8.704126540997403166e-18 -2.425643581534768722e-33
4.177155105241827093e-01 1.889538631461352147e-01 -1.004689834131501092e-01 -9.994286605076510939e-17 -2.215820842526597657e-18 3.941677614014985448e-33
-1.246422341578729137e-01 1.906228242760092950e-01 -5.285624855135921674e-02 -4.258284283049472422e-17 -1.926268797971787272e-17 1.147074703144237555e-32
5.188757394938341844e-02 2.583811261709599294e-01 -2.198019223251902396e-02 -1.775989844778858138e-19 3.165546047853383447e-18 -1.687088612835089459e-33
-2.187728072476747554e-01 1.877942024197074566e-01 -8.129847156861157165e-02 -7.590468348010378226e-17 -3.417005974584068667e-17 2.035807070657937484e-32
-8.693733200268521921e-02 1.883209604626309153e-01 -8.189612877278440450e-02 -7.690669815841543723e-17 -2.645335206264853211e-17 1.626112518273974826e-32
-4.092160243828039334e+00 1.748221193296682352e-01 -3.426037408015727981e-02 -1.170889366374846208e-17 -2.512943977281809593e-16 1.346402107281045443e-31
2.257175550935140329e+00 2.005992555989787873e-01 -5.824257763299298118e-02 -5.430576336100564945e-17 1.219134512652215029e-16 -6.366465560538108085e-32
-4.092235723101233624e+00 1.686704455091221355e-01 -1.066687862691171745e-01 -9.708021499857520874e-17 -2.748698631736734500e-16 1.495966319106094398e-31
4.340018021839787132e-01 1.858946289805573915e-01 -1.373195184919970557e-01 -1.434273857572181886e-16 -1.323436930601008053e-17 1.103079792271294786e-32
-3.790529812433852674e-01 1.852068811194522713e-01 -1.034892483658115953e-01 -1.017066953930211487e-16 -5.101195786572013821e-17 3.007193700824401354e-32
3.409870081940650360e-02 2.732103638216351049e-01 -1.161665976463212291e-01 -1.089079412635328271e-16 -2.792725468105757612e-17 1.793180864395852346e-32
3.252609748840792903e-01 -8.374061292290562175e-01 3.065289416450662704e-03 -8.055296191691488576e-17 -2.740804419403972005e-18 3.687334940593502810e-33
2.928043707912165172e-01 -8.384481012009646905e-01 -7.526271678240426671e-03 -9.296749388143909697e-17 -8.136324993646080279e-18 6.913751418491983174e-33
3.127278796632023128e-01 -8.372159629560264049e-01 5.950045679653180250e-03 -7.712348672230914046e-17 -2.553830091066429759e-18 3.492781310993319450e-33
2.816774687686855461e-01 -8.383116807154545880e-01 -5.346676935527716786e-03 -9.037259506864224197e-17 -8.094516519220283172e-18 6.819814206746280625e-33
4.520631256159455269e-01 -8.369560560897438828e-01 1.824509976659796206e-03 -8.230188236199022183e-17 4.464506500829059219e-18 -1.156620195464393450e-34
3.791333960554214566e-01 -8.075000276673628408e-01 -1.422477086494054396e-02 -9.796368608352108247e-17 -4.273309528932867497e-18 4.986804435686608718e-33
5.129521785878226048e-01 -7.485722045493082843e-01 5.363554457191460623e-01 5.520337957743583147e-16 1.833066476394865596e-16 -1.132076677446660680e-31
1.478758106374125969e+00 -8.123991855301070375e-01 2.379448390005594327e-01 1.937746670322324414e-16 1.429387114872140209e-16 -8.174696204858457350e-32
5.916116054976313654e-01 -6.262492941681800929e-01 -3.865583083499361111e-02 -1.091116989310372933e-16 5.579678940510579248e-18 2.793153756148230213e-35
6.153818518546163574e-01 -2.241475090997739061e-01 -8.733119498231643740e-02 -1.261718897915030195e-16 2.417705741569665887e-18 2.188682950216200425e-33
6.973963525583302125e-01 -6.448464106396135653e-01 -7.720176403105408203e-02 -1.563666481031467551e-16 -1.057630110504215357e-18 4.879296000653332634e-33
-7.924783080597702423e+00 -2.768250801755017809e-01 -6.566587982817301272e-02 -8.306611204657307756e-17 -5.034870659536098301e-16 2.714061827218676445e-31
-7.924782616866623997e+00 -2.767963578786629686e-01 -6.532780914079408530e-02 -8.266751853744408985e-17 -5.033769867890648035e-16 2.713363484929463534e-31
7.234780990283092850e-01 1.425963381456969992e-01 6.344813721996790667e-02 8.650293585105227278e-17 6.778412275573355563e-17 -3.861722470308767752e-32
7.575310984903425027e-01 -8.366516521386575533e-01 -1.034401803492918971e-02 -9.733790461881576943e-17 1.883401864303424819e-17 -7.381356465199927522e-33
4.397036862321597184e-01 -4.201361215517062098e-01 -1.155079908262411498e-01 -1.781700503506057385e-16 -2.264135713114344601e-17 1.701735843554837321e-32
3.894833015761334227e-01 -4.201570238501731169e-01 -1.131643784648932033e-01 -1.752935932752972591e-16 -2.489210134885935223e-17 1.814102565238440008e-32
2.218974430819497523e-01 -4.169149981180199638e-01 -6.636028562339822690e-02 -1.197322950317855044e-16 -1.971266957364672921e-17 1.383973500961102741e-32
7.925143181829479300e-01 1.243089547973185299e-01 -1.553753925841484251e-01 -1.716516843249217845e-16 6.937925771332846550e-19 4.364856423674265287e-33
7.838417783456349541e-01 3.887454284501100643e-01 -1.496065821526881001e-01 -1.385817770596124596e-16 9.368127257731981301e-18 -1.183950437750229728e-33
4.349728766559264881e-01 -1.968417906001138640e-01 2.475072590907208547e-01 2.689839284497088228e-16 1.005810812571142701e-16 -6.118169932871946085e-32
7.795239583659299143e-01 -2.602250943116119486e-01 2.219997427351177721e-01 2.318957141779829887e-16 1.112151382688158496e-16 -6.584239147957013785e-32
2.481250152994038949e+00 -2.375210390277079087e-01 4.015017418060711774e-01 4.396951476015240435e-16 2.717661891427070601e-16 -1.573900998478826915e-31
1.359257106363010115e+00 -2.645167814240961257e-01 1.415872002993983358e-01 1.357795219968707976e-16 1.198276084646266125e-16 -6.779402308215127913e-32
6.906431851615589812e-01 -2.797533118465966306e-01 -3.286715177172807624e-03 -3.352268587517739753e-17 3.254456988596839755e-17 -1.647025828145246715e-32
4.960127021216614862e-01 -2.706177262513745352e-01 1.142859615828021730e-01 1.055377020283691216e-16 5.913821844219964953e-17 -3.452112704852366465e-32
7.322773327990418357e-01 -2.582185192193788281e-01 2.480557607588673719e-01 2.627230364093908772e-16 1.168618874640945720e-16 -6.971107949235314361e-32
7.411384716324497246e-01 -7.627768535030787778e-02 1.134076158309562377e-01 1.231736777257483906e-16 7.892077320001842122e-17 -4.558148570644778920e-32
4.659825771045370546e-01 -7.793089216609733194e-02 1.081361087111859937e-01 1.175790530185732986e-16 6.069303364421207844e-17 -3.568438595764030373e-32
-7.261921247371194710e+00 -8.644088816071811288e-02 4.064595168284068083e-01 4.867410995823691443e-16 -3.059351137996716521e-16 1.500940317758926950e-31
5.627502761930126551e-01 -7.592663364631270229e-01 -9.480397684943947523e-02 -1.879862152289872796e-16 -1.798113890278567083e-17 1.479728354009447319e-32
6.176958508374995604e-01 -8.438994060042002143e-01 -8.844772752450265341e-02 -1.891089025797613127e-16 -1.498221050496807860e-17 1.322532626680239356e-32
5.986058186834245509e-01 -8.015238607975928575e-01 -9.136349506405558318e-02 -1.882571403677484389e-16 -1.589323286460464005e-17 1.368876965120375447e-32
5.073081714359837235e-01 -8.017020535034421469e-01 -8.875318868513817905e-02 -1.849735922565576678e-16 -2.052214962094604865e-17 1.607234189609376617e-32
3.881152336511860534e-01 -5.879342661279655102e-01 -1.057358701123094352e-01 -1.832768434397078181e-16 -2.722361967254582578e-17 1.960747463254911252e-32
5.095528454980688959e-01 -6.731182548216866346e-01 -8.341692885436795268e-02 -1.659476397284065751e-16 -1.509923079314391893e-17 1.264887887704230677e-32
5.295025775355903797e-01 -8.001676065009197814e-01 -7.183544890141070616e-02 -1.650771763613978616e-16 -1.368310341277379912e-17 1.186794182531517987e-32
5.298661134899838032e-01 -8.015234359374743267e-01 -8.781387301437736104e-02 -1.839169938797732767e-16 -1.886270605207671500e-17 1.515621676350964473e-32
-6.494911633021276387e-01 -7.562293247039406641e-01 3.455412140742761783e-03 -6.940145505212271520e-17 -5.873990179270389737e-17 3.331126524557012256e-32
-6.465250553491941332e-01 -6.723516377909529718e-01 -1.477882779880670960e-02 -8.241386466343387414e-17 -6.213024518372665747e-17 3.548240678842631228e-32
2.641423763029976945e-01 -7.585745393103718870e-01 -7.126275696764181045e-02 -1.595569524632770258e-16 -2.823686271012905974e-17 1.949464747788801023e-32
-5.887291369490696979e+00 -3.851430673875461813e-02 2.798941121213334160e-01 3.396523364031844426e-16 -2.631865465436194757e-16 1.313028925741181812e-31
-2.117589427356537934e-01 -7.629134216113436784e-01 2.744320765779288337e-02 -4.316443290353291983e-17 -2.495841248940657688e-17 1.453116447244667662e-32
2.539273300721157089e-01 -8.119876782000942095e-01 -6.059324308357213335e-02 -1.523509710497587755e-16 -2.688096668259061322e-17 1.857111388116068749e-32
9.450221346250580190e-01 4.015234643699291395e-01 -7.505745499763694269e-03 2.859543337018507661e-17 6.529807705961569740e-17 -3.569082303221115482e-32
5.496429093796941778e-01 4.161284996911360223e-01 1.848004486725391138e-01 2.562214726492469428e-16 1.041728976639986188e-16 -6.274942702619323545e-32
9.058610044665046379e-01 -1.853642143462576330e-01 -3.279488397534811167e-03 -2.470801334158148625e-17 4.805187498952961631e-17 -2.500212009413316415e-32
1.252245436346210772e+00 8.908464541819823002e-02 1.020378554657677683e-01 1.249314820369887857e-16 1.104384739087214071e-16 -6.247623272702556150e-32
-4.191347900281801486e+00 1.146222218735947762e-01 -1.240235994300759731e-02 8.158732194871789553e-18 -2.518391080501813541e-16 1.343832321850533543e-31
-4.670797054600791753e+00 4.828182853279826270e-02 -7.283172657424233365e-02 -6.788484626493658400e-17 -3.019198558908808444e-16 1.632494178473323976e-31
2.156010647919694989e+00 -3.006102952350133903e-02 -3.536071572572649369e-02 -5.018370960914419073e-17 1.168565589221004767e-16 -6.107546335466935022e-32
-4.670730141281004499e+00 5.242626552234191939e-02 -2.405036797625218284e-02 -1.037044578732590776e-17 -2.860361623312008355e-16 1.531728016525518602e-31
-9.527425711441523504e+00 2.788475534590210136e-01 -7.996613196861572515e-02 -4.024058428395443944e-17 -5.886846828027713016e-16 3.157629058378534632e-31
5.642667363336708458e-02 1.839833118500332487e-01 -1.403479477567717848e-01 -1.461463495784060439e-16 -3.687795942774552518e-17 2.374334021639483352e-32
4.618848560067069786e-01 2.140953924394482094e-02 1.463831734242108940e-02 1.802114610507185935e-17 3.298509533312056167e-17 -1.812775980579120445e-32
-2.172702075364533414e+00 1.242526889709769239e-01 -3.133818592830451850e-03 1.453345321160493703e-17 -1.276858430704437052e-16 6.784728256154395824e-32
-4.092526526613234239e+00 2.608113416378258775e-01 -4.932449099691225275e-02 -2.079149620365511493e-17 -2.538012851943059247e-16 1.362307247133814765e-31
-4.153429211825300449e+00 1.069279432798478091e-01 -1.049282129409846998e-01 -1.010172976556925032e-16 -2.796833789437811904e-16 1.522780821714030022e-31
2.885523670529362428e-01 -8.140286412484748491e-01 -8.640320418414525194e-02 -1.828597169299924098e-16 -3.320502135345277001e-17 2.279303334418287398e-32
2.755665747208129179e-01 -8.141147633763337055e-01 -8.674733772683224098e-02 -1.832361697475836845e-16 -3.409630546501134312e-17 2.327981177082433494e-32
-4.120355929457294231e+00 -8.634040989101875452e-01 -7.371884374417883579e-02 -1.610562690134293800e-16 -2.945113811203979186e-16 1.618600802368558819e-31
7.750419050279770961e-01 -9.845217868135973383e-02 6.563166991968309716e-02 6.495199202663171154e-17 6.489665087425485527e-17 -3.647929944200620376e-32
7.889169016976942395e-01 -2.826921581780232340e-01 1.044853839012634122e-01 9.207650111340163272e-17 7.317747499191018107e-17 -4.165374712516165148e-32
8.228196388907211833e-01 -1.245839268941981298e-01 1.031720729062270553e-01 1.061691056859193233e-16 7.916567308183569091e-17 -4.524324674609862351e-32
1.659174713036548621e+00 -4.909446300949141806e-01 5.052732357890585280e-02 5.865125411731962434e-18 1.020848385778388266e-16 -5.472628848354102489e-32
5.192310848961871894e-01 1.044317918193475858e-01 6.143876998997289257e-02 8.090564993655056059e-17 5.384516633482637702e-17 -3.101241156565311361e-32
2.800050665450330364e-03 3.535521157097998302e-01 2.685370706040425895e-02 6.658162933201563898e-17 1.864548175869930764e-17 -1.180295080163573511e-32
-9.529203499724760107e+00 8.174881246581366945e-01 2.103248447541094246e-01 3.531316868687540687e-16 -4.800474622462031770e-16 2.468434462736694200e-31
2.209306111216815527e+00 4.696684608328683952e-01 -2.866136125027123061e-02 7.204602324457750721e-18 1.360643249407502070e-16 -7.292532184919227852e-32
8.047725631283123571e-01 -6.866398395481315697e-02 1.807369400700522266e-01 2.025738492846622162e-16 1.047016836150809448e-16 -6.155198228334728402e-32
9.190405437294383306e-01 -4.829455899987714629e-01 1.828509057323163545e-01 1.635476396945580825e-16 1.007454042570675866e-16 -5.836065386595060333e-32
4.427996039471250866e-01 -2.488580375382722643e-01 3.267305349813604542e-01 3.565279226092494222e-16 1.252108864345578599e-16 -7.676160819484043030e-32
6.818163804225818581e-01 -5.212342909600985452e-01 6.414972071424265843e-02 2.142963689266975847e-17 4.711646079181365924e-17 -2.577502926273196066e-32
-4.120354833372017467e+00 -8.633362102389733339e-01 -7.291977221200235393e-02 -1.601141443692471290e-16 -2.942511955143767342e-16 1.616950184720068531e-31
-4.087831632064197862e+00 -8.631322231264573208e-01 -7.219569469361961089e-02 -1.593337947086016592e-16 -2.920638166998232892e-16 1.605043326917946544e-31
-4.120354833372017467e+00 -8.633362102389733339e-01 -7.291977221200235393e-02 -1.601141443692471290e-16 -2.942511955143767342e-16 1.616950184720068531e-31
-4.087831632064197862e+00 -8.631322231264573208e-01 -7.219569469361961089e-02 -1.593337947086016592e-16 -2.920638166998232892e-16 1.605043326917946544e-31
2.857257585347227832e-02 -8.455739307285305983e-01 -7.778017789571368967e-02 -1.752027781004715385e-16 -4.686208856798690463e-17 2.988150622223071953e-32
-4.120298454143243028e+00 -8.598442274481968850e-01 -3.181800973747257039e-02 -1.116541732811697954e-16 -2.808680545221722784e-16 1.532047529835435334e-31
2.411603220416083382e-01 -7.555965393912333905e-01 -3.502317011863052831e-02 -1.167776547937113444e-16 -1.781899805635629540e-17 1.274604976248393688e-32
3.986816309558692595e+00 -5.580694952632603290e-01 -1.036311962562354166e-01 -1.875281769578064779e-16 1.898003565502691875e-16 -9.627482640419176143e-32
9.601967310938974709e-01 -7.570723500673272044e-01 -8.947288565439133479e-02 -1.825971708543456203e-16 7.604481579636835385e-18 9.730588385014337078e-34
-4.088923021407630642e+00 -5.533991043084383055e-01 5.481222626635488815e-02 2.013978021602174910e-17 -2.424987818130784308e-16 1.290602714375244860e-31
6.121253628141037906e-01 -6.928702795557060146e-01 1.814989536699604389e-01 1.419175765617254758e-16 7.610972464059978453e-17 -4.459610113723405976e-32
-4.120975661297190840e+00 -7.197295325784460740e-01 -8.034358640574545962e-02 -1.545233988650493221e-16 -2.927072050072792020e-16 1.607155107970476645e-31
5.720359350332386850e-01 -1.957989700888111695e-01 -1.088946410781239660e-01 -1.484782003671447917e-16 -6.361144585365140563e-18 7.496397245183853513e-33
5.141483720796160561e-01 -8.441251794302998546e-01 -8.576582825747426642e-02 -1.857133144840035516e-16 -2.032291697441326351e-17 1.598625995180410183e-32
6.476743882378509509e-01 -8.410797403084936397e-01 -5.680287495654885721e-02 -1.518663767408068242e-16 -2.881967959234328491e-18 5.730249143493000300e-33
3.861318697076074447e+00 -7.792208670998844733e-01 2.923949273620026282e-03 -8.444886176533685076e-17 2.105907463763184479e-16 -1.102311660580323479e-31
-4.120879360536267022e+00 -7.341108001946724526e-01 -5.988820956117739402e-02 -1.320089740164489496e-16 -2.864894191658563123e-16 1.567709470675884273e-31
-4.144899919989356363e+00 1.679203270286967475e-01 -1.127828731696703946e-01 -1.041701037587462790e-16 -2.800204716012557761e-16 1.525452412292884695e-31
-4.144553471883384077e+00 1.893784216188241221e-01 1.397858134026049304e-01 1.936144804578252245e-16 -1.977816054526984437e-16 1.003728993643881979e-31
3.235746924360384802e-01 2.792128595436359495e-01 -6.043736578155521622e-02 -4.385458336397571766e-17 7.585195396271912451e-18 -2.844394739337860543e-33
-2.031010595410301933e-01 1.852280716934586180e-01 -1.123129202911413715e-01 -1.125069121701637628e-16 -4.332567899163772925e-17 2.626157781222836856e-32
-5.346729737665817161e+00 -9.108857983757835675e-02 -8.578740974676252184e-02 -9.508950807065587541e-17 -3.504494102139886404e-16 1.899390742603259076e-31
6.429652691714729862e+00 -3.731949532351218624e-01 -6.424832004287245324e-02 -1.296187213086759252e-16 3.539465733422747644e-16 -1.856088486796115620e-31
1.606905119456542241e+00 -8.083684287575891858e-01 -8.775794034525033482e-02 -1.874305887229002743e-16 4.546647056206149363e-17 -1.913087343236807210e-32
3.767815067792483763e+00 -6.312080902777355007e-01 -7.499171921188763079e-02 -1.606864055575930537e-16 1.839133125238189498e-16 -9.386873013927352260e-32
1.592876239431649577e+00 -5.927355257428346125e-01 -1.169748767865483458e-01 -2.001525710653846462e-16 4.116089410609925042e-17 -1.647855123707706891e-32
3.234713948603315181e+00 5.091348507515430777e-01 -4.023212033452876202e-02 -5.175140143010280879e-18 1.948276370991825192e-16 -1.039928427381928857e-31
1.652179878125102919e+00 3.358382213959059115e-01 1.439403357181364383e-02 4.579654499711598548e-17 1.129045747330399147e-16 -6.161111706562751224e-32
-9.527428257029642467e+00 2.786898863519299829e-01 -8.182192461536610950e-02 -4.242860865548155603e-17 -5.892889472709713436e-16 3.161462512545423984e-31
1.440081537454570570e+00 3.244492344643701287e-01 -1.087304636532990254e-01 -9.889219632759413564e-17 6.009643031945231216e-17 -2.939328662564493842e-32
-9.527240341365009968e+00 2.903288938602222036e-01 5.517294354626069153e-02 1.190916510764790511e-16 -5.446820612049137705e-16 2.878476399244318164e-31
1.143487761832255245e+01 3.661840840184260037e-01 -1.328531937094911131e-01 -1.498772419575428162e-16 6.520174826546285232e-16 -3.443692169045260653e-31
1.634701766496402531e+00 3.252107566178939480e-01 -1.098022250455957111e-01 -1.005948064596120606e-16 7.142642884841326852e-17 -3.540221200280099087e-32
2.830362061786078520e+00 3.293360085814485139e-01 -1.228984788897488356e-01 -1.187325095586639522e-16 1.389131308646854528e-16 -7.097353976940601714e-32
3.034629414773033496e+00 3.304408670715516250e-01 -1.204262372365948047e-01 -1.162784030024832994e-16 1.519757105203857432e-16 -7.802321140037878703e-32
4.546314900999607111e+00 3.376484303060195424e-01 -1.135362340930102937e-01 -1.115645726686123847e-16 2.449327182213461677e-16 -1.278388996698370712e-31
2.925962456189997951e+00 4.251880534959974756e-01 -1.246501443218047955e-01 -1.115093900995735713e-16 1.467290084676901269e-16 -7.535041454143139214e-32
1.386650922198986224e+00 3.250980247915606913e-01 -9.833825752689076549e-02 -8.651898701336373386e-17 6.027308402007662895e-17 -2.982907208447992248e-32
3.749235052191933981e+00 3.850553657094833437e-01 4.856002330539553324e-01 5.966315001891420434e-16 3.921365279401349157e-16 -2.260579076865014902e-31
2.940668710678945530e+00 3.304081303035225070e-01 -1.159664237328604103e-01 -1.108082289413207279e-16 1.477890530654395514e-16 -7.593635402383459585e-32
1.690696620426104468e+00 3.336335002127092109e-01 -1.354422894242779743e-02 1.276969583225489876e-17 1.061212349955536459e-16 -5.707423733009194591e-32
-9.527336695549134760e+00 2.843609663077586447e-01 -1.507148645908160459e-02 3.627177080329610207e-17 -5.675543434157092750e-16 3.023578171996937174e-31
2.382622264329438355e+00 3.368789211364113245e-01 -1.102160733571901433e-02 1.418326762622117794e-17 1.484639034201004527e-16 -7.974544632667885482e-32
2.694992402096628492e+00 3.725737878910075906e-01 3.930405620366806407e-01 4.898790145119919722e-16 2.987421812982547208e-16 -1.731933220153145599e-31
4.809175045457118713e+00 4.420562284103882189e-01 -2.320169524192799981e-02 3.853430092676583077e-18 2.927622186766387888e-16 -1.565880897008048443e-31
3.802971743292952844e+00 3.659882531798895333e-01 2.583873235024137238e-01 3.286200813634562813e-16 3.213971199991039843e-16 -1.808534511543772655e-31
-9.527513599659030774e+00 2.734039858594179973e-01 -1.440386763934917991e-01 -1.157836623281902721e-16 -6.095473379334064930e-16 3.289981755668745020e-31
6.973075193340667610e-01 3.168933448685596899e-01 -1.593702395613172673e-01 -1.569225138757204024e-16 -9.610389420336293533e-19 4.843003650496670610e-33
-9.527383669572172309e+00 2.814515174979231316e-01 -4.931663630046197178e-02 -4.104088315848747679e-18 -5.787049034168861485e-16 3.094317331668180571e-31
1.938509105956113032e+00 3.390005739873901414e-01 3.685376674675359954e-02 7.163135478637925990e-17 1.373980521515787304e-16 -7.541566707692857116e-32
-9.527384030485283262e+00 2.814291634785757168e-01 -4.957975031007104405e-02 -4.414306090729459433e-18 -5.787905759446713655e-16 3.094860838238415355e-31
-9.527247168205965622e+00 2.899060570876661469e-01 5.019601850613711336e-02 1.132237361980994719e-16 -5.463025972965444383e-16 2.888757081230404624e-31
6.412671199318032977e-01 3.447243039908243212e-01 1.711220568574003398e-01 2.328633132289465215e-16 1.032604167829077611e-16 -6.161727778499876629e-32
-9.527059665173764458e+00 3.015195072163704970e-01 1.868900680760843813e-01 2.743893235418728366e-16 -5.017936607436743083e-16 2.606392359702658699e-31
-9.527166021953132002e+00 2.949320449309565939e-01 1.093535146657513557e-01 1.829718535766292331e-16 -5.270403305667290346e-16 2.766557248963085255e-31
-9.527493961442095483e+00 2.746203259383334094e-01 -1.297219617911508083e-01 -9.890390988118438440e-17 -6.048856738457164811e-16 3.260408155760040648e-31
-9.527483476791511308e+00 2.752697179255652604e-01 -1.220784088840273646e-01 -8.989197631461459238e-17 -6.023968573065036224e-16 3.244619102067560278e-31
-9.527493952573998115e+00 2.746208752052989310e-01 -1.297154967420068861e-01 -9.889628743203047986e-17 -6.048835687616761552e-16 3.260394801105563076e-31
1.877407599787973114e+00 3.337651991492942560e-01 -2.162188972901291778e-02 2.824779007439576203e-18 1.146959970088606987e-16 -6.138308871830336842e-32
4.495940885671696030e+00 3.374745653494454767e-01 -1.129852467515912867e-01 -1.108013228322120729e-16 2.420892059373158999e-16 -1.263400960037181467e-31
-9.527462937548923705e+00 2.765418651898547409e-01 -1.071048257301931983e-01 -7.223775997366370653e-17 -5.975213103118841019e-16 3.213688628862569310e-31
1.183337861310789663e+00 -3.991114152438695051e-01 -8.255301563819959776e-02 -1.395042781134920652e-16 3.312569066493021717e-17 -1.385694741121099932e-32
-6.096666396912220343e-02 -4.069757991084982374e-01 -1.109622811237678253e-01 -1.701929944675076366e-16 -5.079127498117741535e-17 3.184344668773440626e-32
-4.145062992880910180e+00 7.857088080088794890e-02 -9.175111821935515166e-02 -8.843459560863432877e-17 -2.757098419564559294e-16 1.498070780905691731e-31
-3.923751284420647689e+00 1.617217233683547473e-02 -2.048225110427134149e-02 -1.180874879424829428e-17 -2.411534446849824539e-16 1.292226133480727153e-31
1.501645999678738574e+00 -6.808191997536539031e-02 -1.402566423947332330e-01 -1.749923441457227366e-16 4.271515906995229832e-17 -1.800345203240877737e-32
2.924448967076981543e+00 -3.936711100680237996e-01 -1.082962063796818197e-01 -1.737833521241766547e-16 1.292272023539138736e-16 -6.427760383464196237e-32
1.035918114405101509e+00 -2.367465294437219314e-01 -1.326736022616679944e-01 -1.816332841667669066e-16 1.259978847614146275e-17 -1.723531660418451070e-33
1.121991615388399488e+01 1.230037589363412731e-01 -1.268637046605474925e-02 -3.281401430823258961e-17 6.712384845523454116e-16 -3.578725181551477574e-31
9.638776366574564491e+00 1.157133511980741603e-01 -1.697007938567538995e-02 -3.429829557105665238e-17 5.749620425335410894e-16 -3.063716878901666440e-31
9.614554517743295392e+00 1.069318243976830063e-01 -1.190897699565679063e-01 -1.546455607803949674e-16 5.402657464864457501e-16 -2.845062191246358035e-31
1.589614584648746920e+01 1.349767232975643827e-01 -1.128844881051239840e-01 -1.614977618401363613e-16 9.192352047030467223e-16 -4.868768307172315893e-31
7.841367561693700639e-01 6.841849549081872872e-02 -1.170881733838294719e-01 -1.323682394994643445e-16 1.101636141581424225e-17 -2.236358654330666614e-33
2.164524658843959770e+01 1.602022882583323260e-01 -1.124076954176466137e-01 -1.739029525050618607e-16 1.264385869863875913e-15 -6.710180533372295689e-31
-4.670728898431407039e+00 5.250324439379158714e-02 -2.314430185867597314e-02 -9.302171941676620802e-18 -2.857411382283464257e-16 1.529856383431173877e-31
6.724802814213667546e+00 9.969576446907199574e-02 -5.525406369359099623e-02 -7.286356477446036666e-17 3.876360916161896143e-16 -2.051817540512200130e-31
6.909543546169921946e+00 1.003395922522171135e-01 -5.720177911814602889e-02 -7.557666495850243690e-17 3.980880882026841378e-16 -2.106935079175255193e-31
8.428065395700372608e-01 6.987623519055786991e-02 -1.029542507669102269e-01 -1.158362916926884535e-16 1.913803445678679769e-17 -7.033502259852599520e-33
1.251880435285672499e+00 8.068509827386788347e-02 3.184308022394688378e-03 8.381278460161562033e-18 7.823701347548462446e-17 -4.204901370182719450e-32
8.362614037212766638e-01 6.983360964937522508e-02 -1.031184971492565272e-01 -1.160151798208635822e-16 1.869180332346074870e-17 -6.790055817175995893e-33
1.213870678653389268e+00 7.380142923561051893e-02 -7.588442007896550878e-02 -8.475717449071714254e-17 5.021704875779541319e-17 -2.450271502267025657e-32
1.340834156647209063e+00 7.206183847002697873e-02 -1.029083911091623060e-01 -1.169055444648456848e-16 4.903890043492942390e-17 -2.298605353237675218e-32
9.224856981344791151e-01 7.123677373959391712e-02 -9.104786410880445768e-02 -1.019780570394110370e-16 2.779532615951512140e-17 -1.204316978633819483e-32
1.876131470619625041e+00 7.250475383422756714e-02 -1.252978239325276966e-01 -1.445106819761085052e-16 7.387296181554022754e-17 -3.549829416292199396e-32
7.636208246262606858e-01 7.117808668649454329e-02 -8.354667711216962056e-02 -9.277562660661443245e-17 2.070391170023143542e-17 -8.506685130581136028e-33
3.668961495542830242e+00 7.938240741009082446e-02 -1.367886940157123365e-01 -1.621025356909594689e-16 1.777175767799552022e-16 -9.051803197617066170e-32
6.142133012680769388e-01 7.494913959050605867e-02 -3.145270478315395635e-02 -3.101841827412704008e-17 2.869620154998404650e-17 -1.448239062867224601e-32
1.010020381189857819e+00 6.697805277631084520e-02 -1.456917273488481934e-01 -1.666020994238982108e-16 1.526007426919674835e-17 -3.560152372818088873e-33
9.034273972945349174e-01 6.960831755271726373e-02 -1.092339164633141374e-01 -1.233769216448160156e-16 2.073160248390853276e-17 -7.677228344205840077e-33
7.445887190073786632e-01 7.073152279207484128e-02 -8.782184320603017569e-02 -9.777323623099224192e-17 1.817013726619361881e-17 -7.014500684992470695e-33
7.395007133636167795e-01 6.840636998909951916e-02 -1.149292092940141369e-01 -1.297220834907091465e-16 9.040617597391369323e-18 -1.253325735889697711e-33
8.445184252832648175e-01 6.902280814772467077e-02 -1.130883473647610327e-01 -1.277885290344136137e-16 1.594183425283687942e-17 -4.995379534889357318e-33
1.088691539365974181e+00 6.915117139206604369e-02 -1.241683566099357761e-01 -1.414029048246554835e-16 2.698747095268883390e-17 -1.052368006692217174e-32
8.675416289351334242e+00 2.950997927013349065e-01 -3.443862890960273232e-02 -3.431717268801269527e-17 5.165958202344722553e-16 -2.751743471610255812e-31
1.766195899783536971e+00 8.066992934052336084e-02 -2.351535915382067798e-02 -2.425841737814044071e-17 1.004088833474703050e-16 -5.299941142151343899e-32
2.339138921456899389e+00 8.137189301671594877e-02 -4.479672692919110799e-02 -5.064202749705785727e-17 1.278627164881023308e-16 -6.694562404026621398e-32
6.992769438322808284e+00 2.199318769243906735e-01 -7.487019928786506351e-02 -8.459151675224767969e-17 4.006770356138961181e-16 -2.118285933164495609e-31
3.792783320377427492e-01 6.458297525867179312e-02 -1.413598088945604569e-01 -1.600719838649596087e-16 -2.117971070069575778e-17 1.573679994272199572e-32
-3.655210731540585178e-01 7.451700173141198591e-02 1.398136411152746568e-02 2.475942005436409701e-17 -1.530623835303995572e-17 7.498117476032289279e-33
3.979587551617055352e-01 6.828123620864254284e-02 -9.879027884558917727e-02 -1.099234821265350381e-16 -6.201168164054121564e-18 6.347205518253507896e-33
4.261068969102857373e+00 8.799946919665645184e-02 -6.588844844114652433e-02 -7.984473734795602561e-17 2.363291003403864802e-16 -1.241153718834112953e-31
3.958133450974920642e+00 8.540337601086431252e-02 -8.082633715410826591e-02 -9.677363129932565275e-17 2.132876706919209057e-16 -1.113326481001857118e-31
-4.670909101379988826e+00 4.134194245727634831e-02 -1.545164215360325111e-01 -1.641930753497540797e-16 -3.285172016922023629e-16 1.801227756990670547e-31
1.183884199775546486e+00 2.630668925594162877e-01 -2.519567317132267309e-02 -6.522005386114821274e-18 7.004834493804796894e-17 -3.726099404411222588e-32
1.756153367766410067e+00 2.611499695416693578e-01 -7.726961358638745336e-02 -6.920937804385713427e-17 8.743790905183234854e-17 -4.482625946268974581e-32
1.648214153748526201e+00 1.574387941557317538e-01 -5.886675442763517063e-02 -5.768919342300245374e-17 8.404647808921223846e-17 -4.333136508431898311e-32
2.710271047000742062e+00 7.771618778599553856e-02 -1.069663403281494035e-01 -1.247788005882272215e-16 1.298959092407200942e-16 -6.598701255142087329e-32
1.704581447413739292e+00 7.304233847084187770e-02 -1.101237101619077924e-01 -1.262330498416386387e-16 6.851807872426849413e-17 -3.314036299849805312e-32
4.642692670260012977e-01 7.163529833120717283e-02 -6.272845220318137849e-02 -6.755517178184472358e-17 9.517152043027428179e-18 -3.223153712604946628e-33
4.029648479784284199e+00 1.678595448753502917e-01 -5.900315775513601674e-02 -6.322144348572119975e-17 2.269086021824918953e-16 -1.195387228505719147e-31
1.570392197804190371e+00 7.209903230027679688e-02 -1.143079310543048538e-01 -1.308636907385643879e-16 5.910349108866140489e-17 -2.798049944099466724e-32
2.860338505695211975e+00 8.032013464704049199e-02 -8.405323419243998506e-02 -9.810210748143244211e-17 1.463600947978791766e-16 -7.552312254291049443e-32
8.646357041432931601e-01 6.418767288350336886e-02 -1.710408371374670111e-01 -1.961614694487581477e-16 -1.716090544812444420e-18 6.329141205877979256e-33
3.930137873787054481e+00 8.529996756488836263e-02 -8.059995838865828544e-02 -9.644357934463291451e-17 2.116813879829919141e-16 -1.104831937389865632e-31
2.444123078140675975e+00 2.631515728548475264e-01 -8.918417046562093775e-02 -8.480871041692829931e-17 1.248434875209898497e-16 -6.438921947648476248e-32
4.847595048039850418e+00 1.133616094010809761e-01 2.024085153511904767e-01 2.351617612210369596e-16 3.588637705488644102e-16 -1.983010066878773467e-31
6.805418661999013352e+00 4.252887168029073628e-01 -2.995757869457968403e-02 -1.109426456441435475e-17 4.096635455283082217e-16 -2.186596061639736324e-31
3.573521813920318646e+00 8.666363360639744995e-02 -4.615882610181220452e-02 -5.503218287620015353e-17 2.014928982528305879e-16 -1.061799299158092091e-31
9.677690337423470179e-01 7.962056787184700057e-02 5.304000333356607630e-03 1.152127886967641282e-17 6.187790588000110111e-17 -3.339167922889694847e-32
1.048526170505738264e+00 2.679504042599006319e-01 3.926874974412343511e-02 6.978861213091829775e-17 8.291064817142236336e-17 -4.624124113240430833e-32
9.843667339242433423e-01 1.868871012019305555e-01 -1.540170069572293354e-01 -1.643555513822444299e-16 1.435676358059343112e-17 -3.139311560459664845e-33
-9.527412580439170497e+00 2.796608535917077254e-01 -7.039332738249705346e-02 -2.895401637187046675e-17 -5.855676828068163958e-16 3.137854808440787458e-31
-4.670413244433713196e+00 7.205403201105860245e-02 2.069747671577555903e-01 2.620137707326070894e-16 -2.108120899290141407e-16 1.054506453822134951e-31
4.385277295201543524e+00 8.699391109481277584e-02 -8.412993568094050134e-02 -1.016321051893521590e-16 2.378445600219046979e-16 -1.243242964434010384e-31
-9.527377273108209366e+00 2.818476978388390619e-01 -4.465346604875970737e-02 1.393902085811252869e-18 -5.771865289922404990e-16 3.084684763361799019e-31
1.604199381531324420e+01 8.890965512943441174e-02 5.791147827939865933e-03 -2.755150900409395117e-17 9.650455405801600487e-16 -5.150579496499374974e-31
2.872229931909890954e+00 2.661337011293740673e-02 -4.839806395427487251e-02 -6.173710185699054964e-17 1.571064345482559222e-16 -8.227032704319126582e-32
-9.545431346544715367e+00 -3.323171852432718620e-02 -1.125166699482467864e-01 -1.093261206716318380e-16 -6.089323429183666507e-16 3.284913031678147872e-31
1.234174443638180296e+00 6.847663617345431386e-02 -1.396103638665660007e-01 -1.599375951810574871e-16 3.069089614901942974e-17 -1.199181292357815820e-32
7.671508175617539615e-01 7.525157177573658929e-02 -3.577908093573729797e-02 -3.646429077975249192e-17 3.646541216111735846e-17 -1.848479767050205125e-32
3.107109806791176432e+00 8.086411233879875482e-02 -9.037495918009086360e-02 -1.061121967589279298e-16 1.591105978641030914e-16 -8.211729268314093870e-32
1.763161540864105703e+00 7.286595619069745344e-02 -1.152206652669146986e-01 -1.323746287388088732e-16 7.037418828582514220e-17 -3.396301621353309700e-32
2.768737267683590186e+00 7.475657976450608699e-02 -1.448192043155775710e-01 -1.695402320292344579e-16 1.210822333243259267e-16 -6.004117076700455682e-32
2.317507037503592660e+00 8.028565359638717425e-02 -5.646755284488358395e-02 -6.435345772123169634e-17 1.227654416788263446e-16 -6.384284024345927562e-32
4.127901370099052336e+00 3.214664181201170590e-01 -1.461261981551890132e-01 -1.501967570356641671e-16 2.088944026895962099e-16 -1.075105529229173079e-31
1.044777987307429967e+01 1.983397018417403235e-01 -3.117288016391428496e-02 -4.488515708985519523e-17 6.211111705691494717e-16 -3.307463750483870661e-31
4.079683552167304939e+00 4.099082844763537459e-01 -7.044819422358952754e-02 -5.268579196872440894e-17 2.329151996576944908e-16 -1.230399243725001630e-31
5.459308815079869648e-01 1.841555096015461968e-01 -1.635626792925377604e-01 -1.746212484600660442e-16 -1.506053549070099827e-17 1.286749193125383093e-32
2.049518168480615188e+00 7.429946972177883802e-02 -1.131127770546366679e-01 -1.305352606850306509e-16 8.824422284916304675e-17 -4.356531860816751787e-32
2.005659640879053018e+00 7.395146830419563333e-02 -1.149475535660666875e-01 -1.325995874198814380e-16 8.501506386556611379e-17 -4.178237642773804824e-32
1.297000789655390618e-01 1.828712099445606032e-01 -1.572170763850820607e-01 -1.662007833219958251e-16 -3.797229216590083206e-17 2.488154318934593212e-32
2.096766214159779373e+00 7.541101877669029174e-02 -1.024649465289753925e-01 -1.180877482558438699e-16 9.454567429809437472e-17 -4.727686618522579391e-32
-1.700870332290638220e-01 6.648959236568662001e-02 -9.058823488116773959e-02 -9.897179719808685184e-17 -3.761880599930687076e-17 2.283782736490862533e-32
2.739186922674600844e+00 1.012222156279041496e-01 1.682356787492207406e-01 1.996266599967405860e-16 2.212169608104382266e-16 -1.237482360367206045e-31
-4.670798853141841178e+00 4.817043157813635790e-02 -7.414290461984814062e-02 -6.943075686234111250e-17 -3.023467884503081515e-16 1.635202638899257309e-31
6.817452855566229486e-01 1.182192341321722101e-01 4.744039290989485180e-01 5.652480197557031155e-16 1.974189928055110327e-16 -1.211153006967302696e-31
4.576243703695529463e-01 2.242006168716289827e-01 3.123680740760400032e-01 3.867132611465892406e-16 1.345689068492064771e-16 -8.259626373184410419e-32
6.168147177738863896e+00 1.762697095148842708e-01 -7.027930006927428364e-02 -8.133979776193450241e-17 3.515662082411609553e-16 -1.856685052342411340e-31
1.720244961464763245e+00 7.193179255945626738e-02 -1.240038202421625407e-01 -1.426334076764186245e-16 6.493966538236091754e-17 -3.077522789985696559e-32
3.200542845165831984e+00 8.194527630674003360e-02 -8.246636437033344480e-02 -9.699849012453979987e-17 1.672918490125269092e-16 -8.674161939088070212e-32
1.002785188277918405e+00 6.503437347611340513e-02 -1.681979882882727595e-01 -1.931212752301705686e-16 7.499491588272274532e-18 1.319525093274391793e-33
1.587123903285706239e-01 6.255119972589966160e-02 -1.539024839783465215e-01 -1.743626437592421016e-16 -3.849854970256432129e-17 2.538800565619320948e-32
2.585490978105827176e-01 6.371989817411839729e-02 -1.452937178637508653e-01 -1.644378598212660655e-16 -2.970509829179152467e-17 2.041408036112565588e-32
4.401223767537660869e-01 3.252705487258674144e-01 8.881625025783355942e-02 1.351247363937944038e-16 6.407621737047940656e-17 -3.797676890590178678e-32
-4.670766752449449832e+00 5.015866497261298185e-02 -5.074075700916799714e-02 -4.183905936967896898e-17 -2.947268173800117318e-16 1.586861537629449652e-31
5.780726558779326396e+00 9.970380706967132967e-02 -6.477303524478127822e-03 -1.322503073300706263e-17 3.468615835616760651e-16 -1.850330921524709437e-31
1.432472079921079722e+00 6.924085478178773623e-02 -1.408400134824006611e-01 -1.618346543812069143e-16 4.219017374527699807e-17 -1.808585353186693850e-32
1.223642014237721787e+00 1.495569635875394487e-01 -1.297515805738942152e-01 -1.403066949403067075e-16 3.549353392748127604e-17 -1.510042480529685056e-32
1.361810534756868529e+00 1.481675172242575556e-01 -1.532317451510632755e-01 -1.683020939659505358e-16 3.614139123966287396e-17 -1.467434174611738837e-32
-4.670820811586628096e+00 1.481506911740393673e-01 1.576479233099506161e-01 2.118403663136140047e-16 -2.246684280637985906e-16 1.142411071677364370e-31
1.904649514468925997e-01 1.630363260561649985e-01 8.219272845780743741e-02 1.119117972870011460e-16 4.248775087058874340e-17 -2.579728557385016937e-32
3.387135111649326902e+00 8.118619822820395682e-02 -1.010233776949470974e-01 -1.192985814617710116e-16 1.724481688383123681e-16 -8.888244281896506168e-32
2.021008916157658319e+00 1.588075917807925952e-01 -6.197790258386027401e-02 -6.219817640550993797e-17 1.054046033048614760e-16 -5.462291203335702251e-32
2.025961302576356982e+00 7.911150418131679407e-02 -5.525484521707069163e-02 -6.226604851808270415e-17 1.056649616452314120e-16 -5.476020137667277999e-32
1.962033428624808007e+00 7.830153474618585518e-02 -6.149262594471193583e-02 -6.947636996723727267e-17 9.979817003291737704e-17 -5.142546862515656448e-32
1.025300468249101371e+00 6.595711933319121922e-02 -1.584972234634452193e-01 -1.817345932668364592e-16 1.200846850863709289e-17 -1.404675375439293346e-33
-7.896395686321597274e-02 1.508644357597104524e-01 -4.719114626678586055e-02 -4.002760917564292329e-17 -1.579832042022798492e-17 9.548541962927138069e-33
5.650015304263763527e-01 6.457196883006807719e-02 -1.510663408542951558e-01 -1.719351562183217607e-16 -1.319446654563058705e-17 1.179596925080200875e-32
4.616072384565883535e-01 6.644562607553312905e-02 -1.236796175301021899e-01 -1.394122527077602949e-16 -1.048387861192653328e-17 9.449883856343792693e-33
8.073184899478826893e-01 7.354687433094202198e-02 -5.791661826473881031e-02 -6.265565058618814028e-17 3.166943851769349920e-17 -1.519875159792207386e-32
1.328254880311272812e+00 7.339248636628727118e-02 -8.659646783301863660e-02 -9.764496921890988011e-17 5.359401684084309015e-17 -2.595214804905799396e-32
3.954827764698679360e+00 8.621860412718253264e-02 -7.105970035833603093e-02 -8.525104419474115557e-17 2.162686108595174170e-16 -1.132438604642305468e-31
2.650849262070785084e+00 7.629796252942426527e-02 -1.205963547267884239e-01 -1.407149306992370596e-16 1.218931456735517956e-16 -6.126986419421176683e-32
-4.670646520766923437e+00 5.760550267181334394e-02 3.691092189009891056e-02 6.150438795601888178e-17 -2.661865625031254867e-16 1.405802142712874956e-31
1.383423539656018608e+00 7.740268734612523738e-02 -4.223659014695813063e-02 -4.546789959250641580e-17 7.134497470874463634e-17 -3.687956804285567784e-32
6.261913319457192983e+00 9.601322144648245793e-02 -7.473255963217560749e-02 -9.478517538145073396e-17 3.535179556875690912e-16 -1.863407728951339207e-31
4.530843444112735874e+00 1.038532127785462555e-01 1.068172715315749560e-01 1.231715260301670065e-16 3.087383645558464733e-16 -1.684192207339081649e-31
1.521529599803550514e+00 7.798484501017896586e-02 -4.250547784586272693e-02 -4.609642963498487163e-17 7.954499492480996413e-17 -4.124514877749474865e-32
1.466667362214639336e+00 7.110569941203637168e-02 -1.206519474197144254e-01 -1.381095031537688260e-16 5.081395710607191247e-17 -2.334982865786417286e-32
2.314742052729612976e+00 7.511996176786060742e-02 -1.171311318299053245e-01 -1.358712342892917926e-16 1.028518500560174537e-16 -5.122589999859006672e-32
1.529444640809760614e+00 6.975927588914707100e-02 -1.397380704211976243e-01 -1.607541592290764748e-16 4.836807371406829102e-17 -2.141775863441597032e-32
-3.980829496184225547e-01 7.331114504908985141e-02 1.466119192723776710e-03 1.007704987436350068e-17 -2.133428833685112408e-17 1.112518899768177167e-32
1.687951469724118914e+00 7.269919473158960310e-02 -1.133053693634070436e-01 -1.299468031367150332e-16 6.648441927662159098e-17 -3.195091089399484425e-32
1.900738232639312741e+00 7.446349819897464528e-02 -1.035100094203640075e-01 -1.188777564059963375e-16 8.244211381011581441e-17 -4.078570224193319881e-32
1.909171376755343985e+00 1.424276929324747587e-01 6.960721801504717865e-01 8.238324177134240266e-16 3.432342394928141910e-16 -2.061878067753056352e-31
9.539903896501451541e-01 7.254325352151577699e-02 -7.729365448122441085e-02 -8.583252917193641242e-17 3.416325315815537686e-17 -1.589227298570430578e-32
1.718476273432268053e+00 7.312691605462434685e-02 -1.098446327763235725e-01 -1.259353503707845002e-16 6.944273509568293691e-17 -3.364280621839867925e-32
8.715269884833017899e-01 6.985310628733223948e-02 -1.047074988706771098e-01 -1.179681991937327070e-16 2.029077760067485485e-17 -7.590827848220519587e-33
2.988281277237825329e-01 6.578332801940919849e-02 -1.230817880935917152e-01 -1.383402402715351452e-16 -2.005741430750943028e-17 1.453737514599165936e-32
9.316459427420717976e-01 7.168186430059750314e-02 -8.628098999977566741e-02 -9.637844385874698720e-17 2.989676861376330770e-17 -1.332088088474096567e-32
4.614200079637362228e-01 6.651425703047787741e-02 -1.228620972422255070e-01 -1.384479516991168155e-16 -1.022898864017943372e-17 9.287040792166745346e-33
8.586327620184208698e-01 7.023220922504139208e-02 -9.958011785725237597e-02 -1.118937937452334925e-16 2.118611718465705783e-17 -8.236974450327719419e-33
9.602047496012295902e-01 9.289795118748415959e-02 1.619841923466062983e-01 1.962685573964080389e-16 1.124277093960368771e-16 -6.550759650173480931e-32
9.183391611751541284e-01 1.699891514205504051e-01 1.265020631944105689e-01 1.625119593015340191e-16 1.005903703009293146e-16 -5.824921468676629945e-32
1.007687033908599927e+00 7.273299571728654433e-02 -7.782908255057711944e-02 -8.658492853392285684e-17 3.721121670719240630e-17 -1.750065546574844516e-32
1.604217145885809659e+00 1.547736378379192812e-01 -8.796997893306883476e-02 -9.190345124119084624e-17 7.193237689423633210e-17 -3.591242722512637256e-32
1.048076274071096492e+00 7.691280179598358746e-02 -3.071064377144324883e-02 -3.112210457852924221e-17 5.497327014957741931e-17 -2.852465656436439277e-32
8.846265707965821345e-01 7.763321265218718625e-02 -1.380215412153125779e-02 -1.081786662662718851e-17 5.066906307667490015e-17 -2.678422498888901743e-32
1.686194579035483310e+00 7.720812618914685288e-02 -6.013944399301650312e-02 -6.725876525801456826e-17 8.368596638302154354e-17 -4.287465669740113947e-32
-4.670763611945403682e+00 5.035317962491624166e-02 -4.845125688393780994e-02 -3.913968340146937722e-17 -2.939813334607609965e-16 1.582132187176140017e-31
1.427110326427838971e-01 6.692767235055002706e-02 -1.015612240529026322e-01 -1.126147799141282720e-16 -2.242024439837280387e-17 1.509057243506848124e-32
-4.671190699237644850e+00 1.252408121289104448e-01 -1.120087340253250741e-01 -1.060913483244828741e-16 -3.124713067564315815e-16 1.699432589410774308e-31
-4.670815615398175247e+00 4.713222101857089674e-02 -8.636297739068771184e-02 -8.383851792942564693e-17 -3.063257651895292689e-16 1.660445269839247491e-31
-1.574534134173262157e+00 6.295356913937787124e-02 -5.978981043043204296e-02 -5.949182489559170586e-17 -1.118719658370696227e-16 6.143702466806306920e-32
5.529989919005826593e-01 6.526130721533210388e-02 -1.423331110291212176e-01 -1.616113679776365451e-16 -1.107181474175646056e-17 1.037658670680490875e-32
1.907989672641593248e+00 7.950362451619275017e-02 -4.455582934979457344e-02 -4.938552714192574072e-17 1.020684747941875244e-16 -5.319323462592423729e-32
8.723882712236309400e-01 7.034271139715406185e-02 -9.898869414218196272e-02 -1.112275152033784868e-16 2.220409069831538180e-17 -8.799464510165624614e-33
-4.670429510251349114e+00 7.104656957325287958e-02 1.951166096862825827e-01 2.480327165483357690e-16 -2.146732234618359714e-16 1.079001487386498424e-31
4.296919099251646834e+00 8.658542134944785529e-02 -8.438206667501180203e-02 -1.017300788193004706e-16 2.324602332624626041e-16 -1.214436639643254380e-31
2.324458683780307844e+00 9.069104181440068579e-02 6.565741430110529075e-02 7.961952752635924364e-17 1.629376466466736238e-16 -8.928699804783855729e-32
2.193942167982128044e+00 1.891573173331844437e-01 2.863559634772884221e-01 3.481068877603288504e-16 2.291743692484584146e-16 -1.320978942717394967e-31
-4.092257578331325085e+00 1.673167894015917256e-01 -1.226017547679508352e-01 -1.158655698426452804e-16 -2.800577955397460877e-16 1.528878565304356222e-31
5.573405734993536198e-01 1.885219286919462278e-01 -1.127532350020826607e-01 -1.147412637939047302e-16 2.164020127683612932e-18 2.008919283760795915e-33
-4.092272310303934901e+00 1.664043293352426012e-01 -1.333417037200577693e-01 -1.285282291636183734e-16 -2.835548293023297496e-16 1.551063749696981009e-31
-3.122127504824018795e-01 1.816951505240997078e-01 -1.482730454980587254e-01 -1.546587738631345917e-16 -6.157933118082757670e-17 3.718110361610778840e-32
-4.092257579276122215e+00 1.673167308832852751e-01 -1.226024435472708868e-01 -1.158663819301064288e-16 -2.800580198131153220e-16 1.528879988094752295e-31
-4.144920569055716264e+00 1.666413775655530838e-01 -1.278365203955117990e-01 -1.219187175751599073e-16 -2.849220882507897108e-16 1.556548271405073626e-31
-4.092284528468532301e+00 1.671086777552257818e-01 -1.250500794502049096e-01 -1.187521505889670665e-16 -2.808564100171763100e-16 1.533943547095128983e-31
9.556302390476751896e-01 1.882454411106124215e-01 -1.365459560979594700e-01 -1.436918898254541253e-16 1.831963601917925481e-17 -5.827560600233152658e-33
9.830217995193464287e-01 1.885244206454387839e-01 -1.346745137797073499e-01 -1.415471911573885584e-16 2.057257117907251761e-17 -7.090927284440018365e-33
1.094336184231160525e-01 1.915065569529941780e-01 -5.452401351512828342e-02 -4.507715126218730194e-17 -5.759028538689129092e-18 4.321839260206077879e-33
7.487310413288855715e-01 3.168388073503313196e-01 3.605399412006756177e-01 4.515301776980388269e-16 1.701379593089818207e-16 -1.033961979923098563e-31
-4.144859718217192679e+00 1.704103202337560741e-01 -8.347485093431925018e-02 -6.961523738156929079e-17 -2.704774892529579598e-16 1.464911726264124845e-31
-4.092044874967035284e+00 1.804910825550907760e-01 3.246392006732905927e-02 6.696060759749465022e-17 -2.295668758216952403e-16 1.208564138808631468e-31
-4.916498066449469739e+00 3.291487777743290488e-01 -6.733997292091559519e-03 3.807649739424429288e-17 -2.874884093886619901e-16 1.526124293401009648e-31
-4.915533900565368874e+00 2.737072633516151599e-01 4.145754236030717577e-01 5.257376023992829504e-16 -1.528115373609287838e-16 6.717341324236283530e-32
1.439857056930052837e+00 2.567397564841502611e-01 -1.128728274333894305e-01 -1.104731177572724314e-16 5.686758348655413592e-17 -2.734795845154034045e-32
-4.915570565587726648e+00 2.714363272306303254e-01 3.878457738218386019e-01 4.942226994460169854e-16 -1.615149760982862972e-16 7.269487532557516090e-32
1.633568172555880382e+00 2.821363267124210039e-01 1.760852528492266866e-01 2.297794112315254357e-16 1.625557432853870578e-16 -9.322562347815241287e-32
8.177304332385880725e-01 2.742305298660759894e-01 1.250942570495171824e-01 1.714997942013682770e-16 9.699949102998693151e-17 -5.657785006892561168e-32
4.823301391562828666e-01 7.097735360297386942e-01 7.597655976764766672e-01 9.586433798526917789e-16 2.940938610942056976e-16 -1.836415047842333427e-31
4.633954908282911234e-01 1.009658695440297071e+00 9.732162150423346869e-01 1.238373859654488725e-15 3.702532978716890217e-16 -2.320662901784131134e-31
1.001019760559382465e+00 9.075000869937421832e-01 4.742963643148681019e-01 6.427434665917735284e-16 2.383811728266784693e-16 -1.451476558026807555e-31
2.177480256260893920e+00 1.786268937839824156e-01 7.657771335016906322e-01 9.083049894207034224e-16 3.828325880044887547e-16 -2.296836837447632628e-31
2.713368224322664446e+00 7.521444000325519519e-02 7.980128798980646865e-01 9.343147574620701099e-16 4.224768425804093715e-16 -2.515911702985421449e-31
1.790238612683731967e+00 -7.942243000681870058e-02 9.410901989462834294e-01 1.088906468587743956e-15 4.091458657645708991e-16 -2.487307689827065987e-31
1.456196342284295175e+00 -3.797302876599666921e-01 7.878299253372802458e-01 8.805414823436119105e-16 3.312878127957534736e-16 -2.013669699865507807e-31
1.088822463152773201e+00 -1.523001996074508646e-01 8.586291545271835801e-01 9.870203576619501340e-16 3.384709031811798542e-16 -2.081439810999254798e-31
7.519878486661898398e-01 -4.034412473580679670e-01 5.450376558659129067e-01 5.958711512635244749e-16 2.099936679880136300e-16 -1.286813405391078607e-31
2.590965981321577072e+00 -2.636080204102193569e-01 7.835780099096677498e-01 8.840568502204697487e-16 4.010904172918500761e-16 -2.387735360240011692e-31
1.513798548575653991e+00 -4.643487291857373300e-01 7.102986013286509692e-01 7.812159777440659082e-16 3.073360512990739538e-16 -1.858244368468233632e-31
